ID	Gender	Age	Race
17	1	80	5
305	1	73	2
2983	0	88	1
3334	1	82	2
4495	1	73	1
1497	0	84	1
4744	1	84	3
4605	1	79	2
4065	0	65	5
306	1	71	5
1865	1	73	5
2292	0	79	2
1131	0	72	4
1425	0	66	3
2093	1	77	5
4669	1	95	5
4310	0	67	5
1016	0	73	5
2584	1	89	4
622	1	83	4
2936	1	78	1
821	0	90	3
2024	0	77	3
909	1	75	1
2183	0	92	4
3037	1	68	4
3688	0	78	2
1475	1	77	1
1684	0	78	5
2324	1	75	4
1949	1	73	3
2197	1	93	1
4656	0	89	2
1194	0	75	2
2709	1	65	2
2995	1	74	1
1352	0	88	2
1743	1	75	5
4767	1	72	1
4647	0	73	1
2206	1	79	5
1840	0	94	1
1288	1	83	3
2915	0	93	2
4706	0	94	3
838	1	71	3
4349	1	95	2
556	1	65	2
1962	0	83	3
3473	0	84	4
1966	1	76	1
1585	0	73	2
1267	0	72	2
2155	0	68	1
1146	0	71	5
1085	0	76	5
2682	0	73	4
3330	0	66	4
3189	1	89	5
3890	1	67	1
867	1	72	5
3918	1	92	2
4929	0	91	2
3544	0	73	5
3770	0	74	4
3861	0	85	3
253	1	69	1
2561	1	89	4
229	0	80	2
1061	1	85	3
2305	1	92	5
3491	1	95	1
1232	0	89	4
125	0	95	3
2657	0	66	2
2310	0	82	3
1677	0	85	2
2022	0	68	1
1562	0	75	5
654	0	68	3
3383	1	86	2
12	0	89	2
1081	0	66	2
4684	1	95	4
1213	1	70	5
4362	0	90	1
1275	1	75	5
2174	1	83	3
1023	0	66	2
2497	0	78	5
3672	0	69	4
2102	1	74	5
2930	0	72	3
1824	1	69	1
1038	1	89	2
2906	0	67	1
3431	1	86	2
3679	1	70	2
428	0	89	1
1449	1	87	5
454	1	68	5
3025	0	70	5
33	1	91	2
1407	0	67	5
87	1	67	1
2866	1	73	2
4086	1	88	4
3148	0	77	1
109	1	84	5
4679	1	67	1
1640	1	90	1
3213	0	67	4
2098	1	83	3
3502	1	87	2
3302	0	75	1
3406	1	65	5
3479	0	84	4
2445	0	65	1
2645	1	75	5
3853	1	86	5
4757	0	85	2
3541	0	66	3
3198	1	65	4
334	1	91	2
1971	0	87	2
1505	1	67	2
3791	1	83	3
1878	1	87	2
3246	0	71	4
170	1	75	3
4429	0	94	4
1881	1	73	2
3255	0	76	4
2365	1	76	2
3980	0	90	2
4015	1	78	5
508	0	81	5
3903	1	80	1
4768	1	91	4
4942	1	87	2
4881	1	87	1
855	1	91	3
3074	0	88	4
3864	0	76	1
3165	0	85	1
3100	0	72	4
4715	1	92	5
930	1	93	1
3896	0	71	2
4649	1	95	3
648	1	90	4
2687	1	71	2
1885	0	72	5
2795	1	81	5
276	0	86	2
4682	0	85	5
4678	1	85	3
2195	0	87	3
2486	1	65	1
2432	0	91	5
518	0	84	4
1284	0	65	2
794	1	73	4
2634	0	81	4
2326	1	92	4
1718	0	75	1
59	1	83	3
3792	0	78	2
1051	1	76	5
1493	0	69	1
2950	1	83	5
534	1	88	2
4470	1	84	2
1042	0	74	1
4269	0	94	2
3143	1	80	5
3916	0	90	1
2997	1	94	2
1325	1	78	5
4968	0	76	4
3226	1	82	2
1153	1	70	1
4640	1	71	4
124	0	78	3
493	1	89	2
985	0	71	3
246	0	85	1
4864	1	69	5
1591	0	92	2
148	0	84	3
1544	1	81	1
4180	1	77	5
31	1	75	4
3235	0	73	2
1084	0	72	5
2237	0	90	4
3996	0	67	3
2675	0	92	3
4665	1	89	5
4243	1	82	2
2421	0	94	5
3847	1	84	1
1046	0	92	3
4339	0	75	3
3612	0	75	1
3855	1	94	3
1604	1	67	3
4369	1	80	3
1820	1	89	1
3563	0	92	1
4487	0	70	2
1809	0	89	4
1760	1	76	4
18	0	90	1
4229	1	92	1
946	1	88	3
1066	0	70	5
193	1	82	1
1074	0	82	3
2883	0	73	3
2389	1	93	1
3219	0	77	2
2553	0	94	2
2556	1	88	4
3310	1	77	5
2152	1	84	2
3846	1	74	4
259	0	69	4
639	0	75	2
4587	0	91	5
4597	1	92	5
4291	0	78	5
3840	0	67	2
1858	1	69	5
4009	1	86	5
3212	0	79	5
2661	1	91	2
4833	0	85	1
343	0	79	2
4750	1	95	4
3274	0	93	2
4446	0	80	5
185	1	93	1
4006	0	75	4
4134	1	67	4
979	0	87	5
652	1	65	3
755	0	85	5
2533	1	80	5
523	1	77	1
1428	1	90	1
4032	1	66	2
2424	1	82	2
4858	0	84	5
149	1	71	4
3178	1	89	4
874	1	74	5
1798	0	81	5
3344	1	92	4
3718	1	89	5
2202	1	89	2
2959	0	69	5
664	0	81	2
1430	1	78	4
650	1	88	1
4175	1	88	2
4114	1	93	5
3924	0	92	4
1374	1	76	2
3002	1	88	4
466	0	94	1
3516	0	69	2
580	0	74	5
4949	1	83	5
4915	0	67	2
8	1	81	5
103	1	82	2
3571	1	66	4
3092	1	79	3
4610	0	86	5
126	0	86	1
3331	1	68	1
3089	1	76	2
2084	1	74	2
658	0	93	4
3283	1	91	1
1602	1	76	4
1796	0	65	5
2256	0	71	1
873	1	86	2
4333	1	67	2
36	0	94	5
4419	0	67	1
1690	0	78	4
2899	0	93	3
538	1	86	2
2223	0	89	2
1876	0	72	3
2902	0	71	5
912	0	85	2
1888	0	83	3
4696	0	70	3
1369	0	94	1
509	1	83	5
2658	0	74	4
2786	1	92	2
252	0	79	3
3222	0	69	2
115	1	90	2
1578	1	91	3
1403	0	67	1
1729	1	84	2
2405	0	74	1
531	1	89	2
1471	1	91	4
1650	1	92	5
3495	1	95	2
1010	0	69	1
4912	0	65	1
1802	1	65	5
2979	0	85	3
1942	0	82	2
4177	0	83	3
3570	0	76	3
3459	0	70	3
3719	1	89	1
1792	1	86	4
1350	0	84	3
4731	0	83	3
4648	0	82	3
1440	0	80	3
3156	1	70	5
716	1	67	4
2012	1	69	4
4835	1	80	2
3944	0	95	5
1791	1	94	3
1126	1	72	1
2478	0	73	2
1515	0	91	5
4247	1	82	3
2384	0	87	5
4455	1	72	2
39	1	86	4
579	1	83	5
1089	0	88	3
1115	0	79	3
3277	0	78	5
2089	0	74	4
2971	1	73	4
4443	0	70	1
1008	1	87	2
925	1	91	1
3040	0	92	1
1660	0	91	3
2739	1	93	4
897	1	69	1
994	1	65	1
4273	1	93	5
3229	0	71	4
2127	1	78	3
380	0	74	4
2289	1	65	1
4452	1	86	1
4171	1	79	1
43	0	74	4
547	0	84	3
894	1	87	5
849	1	86	5
1461	0	67	5
1400	1	75	5
3824	0	68	3
482	1	80	3
2858	1	88	4
3684	0	86	4
1195	1	66	5
3359	0	94	1
86	0	89	4
3723	0	90	2
3149	1	80	2
886	1	93	1
340	1	66	3
2982	1	84	3
3894	1	74	4
3817	1	71	2
4232	1	73	4
4777	0	81	4
2006	1	90	2
2491	0	65	3
3035	1	95	2
4391	0	87	4
4829	1	95	1
4459	0	94	2
4726	1	82	5
1693	1	85	4
3783	1	75	2
1177	0	75	5
2357	0	95	4
4034	0	71	5
2295	0	78	1
431	0	72	1
4758	0	83	4
1107	1	74	2
1345	0	95	4
1078	1	94	2
3265	1	94	3
4670	0	88	3
1946	0	89	3
2189	0	91	1
4212	0	93	2
2602	0	79	5
3793	0	92	4
1464	1	90	3
696	0	69	2
1980	0	89	4
1800	0	92	3
2247	0	93	1
4662	1	84	4
3597	1	90	1
4957	1	90	1
1487	0	94	4
3370	1	93	5
57	1	79	4
4742	0	74	5
1124	0	78	2
4639	1	70	1
1167	0	71	3
504	0	86	3
1758	1	89	2
1586	1	89	5
3020	0	69	5
3943	1	91	1
2466	0	66	1
2564	1	85	2
4282	0	75	4
4213	1	83	2
2023	1	78	4
2275	0	78	3
2235	0	67	2
2034	1	72	4
3077	1	65	1
1784	0	87	1
1108	0	65	3
3208	0	76	5
1143	1	88	1
98	0	92	4
4796	0	76	4
1554	1	74	2
2793	0	83	4
4632	1	71	2
1940	0	82	1
1318	0	94	3
1845	0	67	3
1587	0	85	2
3270	0	73	1
2757	0	72	5
736	1	69	4
3150	0	88	4
2926	0	84	2
844	0	67	1
3518	0	82	1
3508	1	87	1
2536	1	94	2
4184	1	86	3
2468	0	94	1
3807	0	80	2
4844	0	86	2
975	1	68	3
4122	0	84	5
405	1	89	5
1492	0	91	4
2138	1	86	5
1226	0	69	4
4505	1	73	2
4683	1	67	3
4759	1	89	5
1839	1	69	4
1098	1	89	5
1298	0	91	1
4645	1	68	2
964	0	91	4
4453	1	86	5
1315	0	84	4
4831	0	76	1
1918	0	90	5
4110	1	89	1
2581	0	81	3
4295	1	81	4
1095	1	68	1
868	1	67	5
162	1	69	2
4497	0	91	5
72	1	95	4
2149	1	95	4
4800	0	85	5
1520	0	92	1
592	1	94	1
2622	1	78	4
1645	1	83	2
1163	1	83	2
806	1	73	4
2830	0	95	4
3726	1	70	4
1646	1	94	4
1453	0	73	1
2821	0	71	4
1523	0	68	1
3710	1	84	4
2433	0	82	5
2918	1	78	2
1279	1	93	4
2315	0	90	1
3268	0	90	1
2473	0	71	1
2852	1	76	1
677	0	77	5
1165	0	74	4
2778	1	92	4
389	0	66	3
3108	0	83	2
2121	1	71	5
2252	0	79	1
91	0	71	4
517	0	70	1
2282	1	84	3
2031	1	91	1
524	0	69	1
1137	0	89	4
2434	1	89	3
1426	1	80	3
74	0	78	3
4762	0	68	1
3887	1	71	2
2733	0	78	1
1423	0	89	3
2630	0	72	3
2454	0	82	4
2628	0	73	1
1305	0	76	4
3118	0	73	2
2615	1	87	4
3594	1	80	4
3693	1	83	3
1731	1	92	1
4431	0	67	5
4024	1	85	2
4192	1	72	2
2789	1	70	1
3658	1	89	1
2109	1	86	2
1207	0	89	2
3262	0	82	4
469	0	82	5
4568	1	80	2
280	0	65	3
1654	0	86	3
1348	0	86	5
3463	1	77	2
2924	1	93	1
366	1	67	4
465	0	95	4
4325	0	83	2
790	1	67	2
423	0	83	5
3879	1	84	1
3868	0	85	5
3240	1	87	5
3955	0	71	5
2565	0	66	1
3640	0	78	2
4554	0	71	1
323	1	69	2
2343	1	83	1
2907	0	79	2
2419	0	82	3
1067	1	71	1
1422	1	69	1
3007	0	68	1
4814	1	88	5
3451	1	81	4
788	0	74	2
1019	1	70	1
3769	0	87	3
4528	0	68	2
896	1	76	3
2554	1	89	1
1062	1	94	2
1347	1	90	2
703	1	84	4
1924	0	72	3
655	1	69	2
3933	1	91	5
1256	1	79	3
457	0	87	5
3267	0	76	4
2329	1	72	5
4674	1	66	3
1294	0	71	5
4095	1	68	5
4302	1	89	5
1132	1	92	3
2847	1	77	3
832	0	65	3
2423	1	65	4
757	1	78	4
694	0	65	3
1012	1	78	5
3768	0	91	4
2	0	65	1
766	1	70	4
2239	0	90	2
143	0	67	3
3972	1	93	2
2509	0	71	1
4895	1	82	3
740	1	78	1
1766	0	88	1
3751	0	72	4
4834	0	73	3
4124	0	82	1
3064	0	87	2
1295	0	94	1
1281	1	77	1
1454	1	68	1
353	1	84	5
2688	1	67	5
3236	1	79	1
4161	1	80	5
328	0	72	5
4515	0	86	5
3320	0	70	4
1320	0	72	5
2985	1	81	2
2495	1	78	3
1817	1	87	5
1992	0	70	5
3172	1	66	1
4830	1	89	4
3900	0	76	5
957	0	70	2
4098	1	88	2
4892	1	92	1
877	1	83	5
4634	0	90	1
3828	0	65	1
2737	1	71	2
1525	1	84	3
2255	0	74	1
3027	1	76	5
25	0	77	4
1535	0	84	2
783	1	69	3
2624	0	67	3
2648	0	71	1
4820	0	80	4
2175	1	92	3
4153	1	93	5
4320	0	94	1
4955	1	82	1
3946	0	68	5
4581	0	94	5
3032	0	94	5
3669	0	84	3
2551	1	71	5
3610	1	68	3
2731	0	66	3
494	0	87	5
1133	1	92	2
732	0	89	4
1045	0	89	4
438	0	87	3
2996	0	73	3
2828	0	78	3
666	1	91	5
3055	0	95	4
4780	0	87	2
3537	1	66	3
2566	0	76	1
4027	1	94	1
2696	1	92	5
1178	1	90	5
4351	0	65	5
4475	0	76	1
147	1	86	3
4722	1	73	5
1774	0	82	3
507	0	92	3
2977	0	79	2
4494	0	71	5
3782	1	69	4
4827	0	87	3
3450	1	66	3
1391	1	65	5
2153	1	67	1
2500	1	92	2
837	1	94	3
4270	0	78	1
2600	1	90	5
3885	1	79	2
3960	1	68	4
2887	0	77	5
4901	0	83	2
1187	1	88	1
1219	1	67	1
1530	1	67	5
3732	1	95	5
3608	0	92	4
2345	0	65	1
3606	1	80	4
3746	0	93	3
1561	0	94	3
4078	0	78	3
750	1	84	5
2319	0	89	1
4112	1	94	1
3595	0	87	3
1243	1	83	5
3982	0	73	4
2576	1	89	5
503	0	77	1
298	1	86	2
1139	1	67	5
4001	1	76	1
3874	1	69	2
2784	1	75	4
3701	0	85	3
1438	1	80	4
1870	1	69	2
1473	1	81	3
1358	0	65	1
3443	0	81	4
3574	0	84	1
2136	1	75	5
3802	1	72	5
2969	0	66	4
2209	0	70	5
3668	0	74	5
2238	0	74	4
852	1	67	2
1786	1	82	3
2241	0	82	4
2344	0	68	4
3061	1	86	3
4778	1	74	4
853	0	93	3
2359	1	75	4
3151	1	66	3
434	0	95	4
104	0	72	3
1895	1	86	4
4703	1	65	1
878	0	80	3
3054	0	81	2
2736	1	72	3
1995	1	89	3
1849	0	79	2
3260	1	79	5
2670	0	70	3
2078	0	81	4
3413	0	68	1
3003	0	65	3
3993	1	72	1
2071	1	92	5
4899	1	69	5
60	0	85	3
3820	0	75	2
3220	0	69	3
1276	1	73	3
2173	1	68	2
2922	1	80	3
3415	1	71	2
3709	1	79	5
4033	1	95	5
1848	0	90	4
3429	1	77	2
3717	1	68	4
3322	0	68	4
2122	0	76	4
3329	1	89	2
4097	0	93	5
398	0	85	4
2712	0	78	3
512	0	67	5
1943	1	82	5
4062	0	70	2
1754	0	75	5
4044	0	71	2
138	1	86	5
1467	1	81	1
5000	1	71	5
2026	1	67	4
2676	0	67	4
3336	1	88	5
2441	1	73	5
2375	1	65	2
3015	0	86	1
4238	0	95	4
3245	1	92	4
4596	0	92	1
3225	0	91	4
4972	0	95	4
3288	1	72	5
1277	1	80	3
4846	1	79	4
1094	1	91	5
224	1	67	1
354	1	66	5
4411	1	81	1
2766	1	93	4
801	0	68	5
400	1	92	3
2776	1	77	4
4113	1	75	2
3788	1	73	2
4792	0	85	3
4978	0	85	3
1757	0	94	4
1903	1	93	2
256	0	77	5
4937	1	85	5
1678	0	77	1
3915	0	89	5
3811	1	88	5
3822	1	66	2
1015	1	82	2
1570	0	82	4
1667	1	74	2
4997	0	92	4
3565	0	90	4
3254	0	75	5
447	0	95	3
4537	1	68	4
2251	1	87	1
3893	0	91	2
1049	0	75	3
3613	1	68	4
2543	0	86	2
2092	0	88	5
3403	0	69	5
1501	0	75	5
3548	0	89	5
3098	0	68	5
3560	1	82	2
4854	1	87	4
4909	0	82	4
3515	0	73	2
4368	1	90	4
4179	0	67	1
1899	0	66	2
1844	1	85	5
4138	1	72	4
1296	0	69	4
2827	1	87	3
3837	0	90	5
336	0	74	3
429	0	74	4
2683	1	79	2
4773	1	79	3
3573	1	81	3
77	1	88	2
4559	1	92	2
1871	1	68	2
2171	0	74	3
3122	0	81	4
1795	0	81	4
1393	1	78	5
2052	1	75	3
4504	0	85	3
3261	0	83	5
775	0	65	4
825	1	90	2
544	1	89	1
3389	1	85	1
2857	0	75	3
3008	0	91	5
1106	1	88	3
1278	1	79	5
2891	1	74	3
300	0	68	3
1923	1	94	1
3711	1	90	4
85	1	89	3
506	0	91	5
3633	0	71	5
372	0	79	2
3545	1	89	1
2803	1	80	3
4633	0	87	1
4527	0	86	4
4271	1	70	3
2049	0	82	2
660	1	74	1
3591	0	86	1
2850	0	74	2
329	0	75	4
3385	0	67	1
1519	1	76	2
2873	0	87	5
4447	1	90	3
1773	0	87	1
3582	1	85	3
772	0	93	1
2955	0	85	4
436	1	94	4
3455	1	67	5
2016	1	86	5
2964	0	92	5
2243	1	80	3
540	1	70	5
1986	0	68	3
3926	0	92	2
4493	0	73	2
1574	0	70	4
3617	1	83	1
2502	1	78	5
95	1	84	4
3197	0	74	2
1203	0	65	1
850	0	69	1
2748	1	76	5
1707	1	85	1
4498	1	79	3
1071	1	91	3
3520	0	95	3
2273	0	72	5
3536	0	81	5
188	1	67	2
760	1	74	2
4322	0	78	2
2571	1	84	4
4577	1	80	1
2280	0	84	3
4356	1	90	4
943	0	71	4
2851	0	71	3
4698	0	86	5
4456	1	88	4
111	1	66	2
2975	0	87	2
4227	1	71	5
3348	0	79	1
3703	0	67	1
474	0	66	1
1794	1	81	5
10	0	66	1
1735	0	92	4
3842	1	83	1
278	1	81	3
2763	1	81	4
468	1	65	4
1996	1	82	3
4794	0	79	3
1666	0	67	4
1620	0	72	2
3609	0	66	1
1047	0	83	4
3728	0	85	1
2157	0	87	2
1965	0	81	2
376	0	68	4
3120	0	86	1
1316	0	70	2
2386	1	69	3
3496	0	72	4
1835	1	70	5
2000	1	77	5
3661	1	74	1
3489	1	91	4
4353	1	69	4
1457	1	75	5
983	1	66	4
1186	0	82	5
3619	1	83	3
764	1	93	1
683	1	87	5
3774	0	90	4
1750	1	88	1
318	1	78	2
3973	0	68	3
1252	0	67	5
46	1	90	3
3739	1	93	4
2910	0	70	1
4735	1	88	5
665	1	72	3
3664	1	76	2
4520	0	80	5
3550	1	66	3
1481	0	80	1
2655	0	82	5
2484	1	94	3
3938	1	88	3
3146	0	95	5
4894	1	77	2
2790	0	67	1
1984	1	65	4
2479	1	73	3
3721	1	82	3
3204	0	85	1
4654	0	88	5
3848	0	68	3
1079	1	72	2
1558	1	70	5
939	1	66	5
4306	1	93	3
4482	1	80	4
2412	0	87	3
722	1	71	2
2373	1	85	1
800	0	87	3
2606	1	70	4
2806	0	70	4
2869	0	94	5
316	0	89	2
1670	0	74	3
662	1	94	4
668	0	77	3
3689	0	88	1
1363	0	76	5
4434	1	90	4
2385	0	88	5
3818	0	66	5
4279	1	67	1
3376	1	87	3
481	0	69	3
269	1	84	5
3646	0	87	5
1521	0	65	2
3954	0	85	3
4093	0	66	1
4296	1	83	5
4421	1	83	3
3663	1	94	4
4600	1	78	1
3405	1	76	4
1431	1	75	2
4713	1	75	4
2734	0	87	1
3765	0	92	2
3251	0	93	2
2477	1	79	4
4399	0	71	1
701	0	77	4
4451	0	73	2
368	0	89	2
2128	1	90	3
2177	0	76	5
1196	1	79	3
1052	1	95	3
567	1	65	4
1029	1	65	1
1039	1	84	2
753	1	85	4
2462	0	95	3
2747	0	92	2
3856	0	80	2
680	1	80	1
2112	0	79	3
1661	0	90	4
3535	1	92	4
4601	1	84	3
4147	1	73	5
2123	0	78	2
4136	0	86	3
4104	1	91	1
1978	1	79	2
294	0	77	5
1034	1	81	1
1472	1	70	3
4873	0	66	5
1072	1	68	1
2331	1	77	4
814	0	72	1
3759	0	88	4
4973	1	75	2
4211	0	84	4
1247	0	80	5
3749	0	65	4
4882	0	91	5
1118	0	68	5
1599	0	89	2
4635	1	74	5
1711	0	65	1
1385	1	77	1
2399	1	84	2
2227	0	65	2
4578	1	85	4
1736	0	85	3
784	1	68	1
4874	1	76	4
4350	1	75	2
4547	0	78	3
242	0	88	3
3382	0	94	1
1781	0	69	4
1263	1	71	2
3328	1	94	2
1240	0	87	3
2372	1	67	5
2048	0	74	4
2188	0	80	4
14	0	71	1
2631	0	71	2
3062	1	76	5
842	1	66	4
4478	0	83	5
3365	0	73	5
2965	1	86	2
2361	0	68	5
2794	1	65	4
4321	0	73	1
1596	1	88	3
3488	0	89	4
1402	0	90	4
1715	0	68	3
1004	1	85	4
3928	0	95	5
1900	1	74	3
3103	0	81	3
895	0	85	3
1723	1	92	4
2130	0	94	1
3611	0	87	2
1651	1	91	2
4907	0	71	2
268	1	68	3
908	0	76	1
674	0	90	1
2691	1	89	2
373	0	80	1
4572	0	78	4
3978	1	92	2
656	1	83	4
2587	1	69	4
4917	1	71	3
3099	0	86	3
1397	1	76	1
3920	0	77	3
2799	1	89	4
166	1	65	5
4063	1	68	5
3290	0	78	4
2334	1	81	2
4952	1	65	1
4248	0	93	1
1326	1	67	5
4875	0	68	3
522	1	92	4
1675	0	74	1
4837	0	88	5
2320	0	78	2
2028	0	80	3
1	1	65	2
2629	1	92	5
2819	0	79	1
3494	0	68	3
4766	1	86	4
3475	1	95	3
364	0	88	1
4932	0	83	1
2886	1	67	3
1293	1	66	3
4051	0	82	2
3076	1	84	3
3142	0	92	3
1904	0	89	1
3060	1	75	4
4396	1	77	3
3456	1	86	4
812	1	74	3
179	0	66	1
4366	1	88	4
3615	0	92	4
4382	1	84	5
4158	0	80	3
3309	1	91	2
3651	1	68	3
2853	0	83	5
1399	0	85	4
3519	1	95	3
2363	0	76	5
2214	1	90	3
4908	1	92	4
441	0	69	2
2115	0	65	1
2474	0	65	2
986	0	70	5
1629	0	78	5
4921	0	84	3
1152	0	67	3
2476	1	76	5
3115	1	83	3
1420	0	84	2
2885	1	90	1
3876	0	85	1
1100	1	83	2
4870	0	91	2
290	1	87	1
2878	0	74	4
526	0	79	3
1043	1	67	1
2916	0	85	5
4914	1	88	2
4848	1	85	3
4140	1	87	3
4539	0	82	3
2603	0	85	5
2643	0	74	5
973	1	86	5
3540	0	67	1
771	1	66	2
3355	1	71	3
637	1	69	2
106	1	69	1
543	0	90	1
2607	0	70	1
3485	0	89	4
2208	1	93	5
1793	1	80	2
2515	0	80	1
3708	1	82	1
1532	0	71	5
3287	0	72	4
3249	0	75	4
1569	1	75	1
369	1	73	1
3716	1	92	2
1490	1	92	3
1229	1	86	3
4413	0	70	5
215	1	69	1
1053	1	76	1
3814	1	84	2
3059	0	71	2
4607	1	66	2
4234	0	83	4
4055	0	77	1
4570	1	68	1
4203	1	83	4
1705	0	94	5
667	0	86	2
1582	0	94	5
4402	0	88	1
4523	0	69	1
1607	0	92	1
2124	0	88	2
404	0	71	1
4576	1	84	2
2528	0	72	5
4297	1	83	4
3666	0	94	5
235	0	65	3
2267	1	86	5
2937	0	82	5
4667	0	80	3
1852	1	91	1
2272	0	66	1
1398	0	71	4
461	0	72	2
1351	1	82	4
2246	1	92	1
4786	1	90	3
2854	1	83	3
3409	0	80	1
4623	0	81	2
3437	0	87	2
3045	0	84	1
1223	0	89	5
2549	0	92	3
4714	1	94	5
4822	1	85	2
4724	1	84	5
3833	0	65	1
4903	1	80	3
3088	1	74	2
1141	0	87	1
745	1	70	2
706	0	70	3
80	1	93	2
1099	1	94	1
4121	1	75	5
479	0	85	5
2742	0	65	3
719	1	83	1
4939	1	75	4
4650	0	68	2
2163	1	84	3
4896	1	80	1
4970	1	75	3
2727	1	84	5
1409	1	83	3
1749	0	94	3
4567	1	70	3
4401	0	85	2
488	0	78	1
1097	1	81	2
3000	0	77	2
342	0	87	2
331	0	82	2
3136	1	66	1
3044	0	76	3
4089	0	94	5
484	1	89	4
3448	1	68	4
4838	1	81	3
314	0	85	4
3052	1	92	4
1513	1	79	5
4395	1	87	1
2751	1	79	3
2355	1	78	5
3736	0	68	3
4646	0	92	3
625	1	75	3
2620	1	86	3
473	0	82	4
297	1	87	2
4298	0	79	4
767	0	87	4
1419	1	83	5
2015	0	80	5
1432	1	84	2
4174	1	86	4
3095	1	79	3
406	0	75	5
2184	1	68	5
3827	0	76	5
1659	0	88	3
2884	1	73	2
141	1	82	5
3321	0	82	3
3909	1	94	3
4503	1	84	2
3466	1	72	4
485	0	92	5
19	0	73	1
931	1	71	1
2765	1	89	5
4555	1	71	5
3131	1	87	1
4241	0	76	3
4164	0	74	5
3831	0	77	5
933	1	75	1
3694	0	86	5
2802	0	87	5
1552	0	75	4
197	0	74	3
710	0	91	4
1221	1	66	3
4566	1	94	2
2779	0	71	5
571	0	78	2
4231	0	80	5
782	1	79	2
2596	0	74	3
3307	0	73	1
4045	0	84	2
1075	1	71	5
1622	1	71	4
2542	0	70	3
4631	0	88	5
4728	1	78	3
3930	0	76	1
3738	0	83	4
4181	1	67	5
641	0	84	5
1206	0	95	1
2524	1	72	5
4700	0	87	5
2713	1	75	3
2976	1	80	3
3139	0	77	3
4262	0	69	1
4675	1	74	3
4867	0	73	1
2641	0	88	5
2264	0	95	2
239	1	91	1
4168	0	76	3
4691	0	86	2
3569	0	76	4
3234	1	65	1
3858	1	69	2
3325	1	85	5
41	0	73	2
1234	0	92	4
4186	0	86	2
1212	0	65	3
972	0	93	1
4732	1	65	5
3379	0	84	5
3017	1	74	3
4352	1	70	5
669	0	78	3
1697	0	87	2
2904	1	80	3
2150	1	78	2
4775	0	95	4
4717	1	82	2
4082	1	65	3
3168	1	78	2
4013	0	71	4
3126	0	89	3
2945	0	76	4
2358	1	77	4
4891	0	78	2
685	1	93	3
676	1	94	3
1394	0	85	5
1673	0	86	5
2166	0	94	1
1321	0	74	3
403	1	75	5
3687	1	81	4
4102	1	93	5
4984	1	85	1
4242	0	69	5
3529	0	75	5
951	0	86	5
3440	0	94	1
4259	1	67	5
4430	0	88	5
2539	0	67	2
892	0	93	5
4224	1	88	4
4628	1	77	3
2637	0	69	1
2146	0	94	5
3377	0	85	2
2167	1	71	1
570	0	84	5
1376	0	70	1
3337	0	94	5
2798	1	76	4
3401	1	76	3
830	1	84	3
804	0	86	3
2898	1	69	2
475	1	75	3
1803	1	83	5
807	1	80	2
2944	1	89	3
4392	1	65	3
700	1	70	3
614	1	82	1
1619	0	76	1
1171	0	89	4
1777	1	77	5
1740	0	86	4
3795	0	76	3
384	0	70	2
3527	1	73	3
1486	1	91	2
3068	0	74	1
997	1	85	5
590	1	91	1
836	0	70	3
3630	1	91	2
3169	1	68	2
4499	0	76	1
360	0	83	4
2134	0	90	5
1192	0	91	4
3779	0	70	1
2750	1	88	4
425	0	94	5
3986	1	94	4
4115	1	90	3
2764	0	85	1
173	0	90	1
4990	0	75	1
383	0	93	2
1830	0	76	5
631	1	77	4
258	1	68	2
1474	1	86	4
2094	0	83	1
4057	1	73	5
2913	0	73	5
3601	0	81	2
3798	0	83	1
3289	1	79	2
3810	1	73	2
1823	0	92	1
2053	0	95	1
1160	1	87	1
1862	1	77	4
4036	1	74	2
4653	1	86	1
568	0	70	1
1801	0	95	4
4233	1	86	3
344	1	92	5
2956	0	71	1
4103	1	81	5
2563	0	79	2
1734	1	70	3
3849	0	86	5
4196	0	85	5
2465	1	66	4
315	1	75	5
1813	0	75	4
3961	0	77	3
3927	0	69	3
2705	0	88	3
3568	1	68	2
3564	1	68	4
1700	1	68	1
4307	1	67	4
4324	1	72	5
2511	1	67	2
3253	0	85	1
4769	1	77	2
4299	0	88	2
1488	0	66	3
228	1	73	1
412	1	66	1
4900	0	78	2
3117	0	65	3
2215	1	72	2
4754	1	86	4
4687	1	95	1
3424	0	95	4
511	1	73	1
3670	1	77	1
254	0	91	2
988	1	90	1
40	1	70	5
4073	1	65	5
2179	1	95	1
2377	1	92	2
4176	0	95	3
2881	0	67	3
1999	0	77	2
1435	1	94	2
4542	0	78	5
1529	1	67	5
4246	1	76	2
4418	1	80	2
3123	0	84	2
4244	1	76	3
594	0	81	1
3907	0	94	3
3080	0	87	2
3650	0	82	2
1846	0	89	1
545	0	81	4
3073	1	84	1
686	1	70	4
4375	0	79	2
3447	1	89	3
1188	0	94	5
4619	1	90	1
216	1	95	4
597	1	87	3
1821	1	67	3
3358	1	65	4
3490	1	81	2
24	0	85	2
4562	0	89	4
2117	0	89	3
2286	0	76	1
2652	0	93	2
1441	1	95	3
3567	1	94	1
2817	0	80	5
1630	1	84	3
537	0	79	1
1361	0	87	3
3145	1	91	2
1265	1	67	2
3380	1	93	1
4966	0	65	3
2391	1	84	4
4604	0	82	3
3509	0	79	5
663	0	77	4
2774	0	76	2
4879	1	68	4
2871	1	81	2
4072	1	66	5
2217	0	87	5
1724	0	67	4
244	0	70	3
4813	0	75	2
1036	1	93	4
1668	1	90	5
1065	1	73	1
3326	0	91	3
4417	1	81	1
809	0	68	2
3623	1	73	5
2403	0	93	4
1479	1	80	2
1056	0	77	5
4506	1	69	4
3589	1	92	2
1300	0	66	5
2347	0	89	2
4173	0	87	4
636	1	82	1
885	1	78	3
993	0	90	3
4564	1	87	4
2306	0	75	4
1732	0	83	2
3097	0	65	4
802	1	79	1
2719	0	94	5
1528	0	88	1
4953	1	65	1
2592	0	70	1
3393	1	75	4
3465	0	70	1
3859	0	94	4
1218	0	69	4
3767	1	65	5
1110	1	87	4
2325	1	74	3
3316	1	68	3
2204	1	88	2
3949	0	79	3
1600	0	70	1
818	0	70	3
1427	1	74	3
3621	1	86	4
3232	1	95	5
1406	1	66	5
883	0	94	1
445	1	71	1
1289	0	67	2
902	1	73	5
4681	0	74	3
463	0	84	4
346	0	84	2
4255	0	78	2
4481	0	74	1
4359	0	95	3
1248	0	80	5
2349	1	80	4
613	1	73	2
1662	0	81	3
3263	1	89	2
163	0	91	2
3391	1	90	4
3013	1	82	3
2555	1	75	4
4292	1	69	4
2605	0	80	2
4738	1	87	3
3024	0	91	3
2912	1	81	3
3937	1	85	5
3043	0	72	1
2133	1	79	1
4636	1	95	3
2085	1	77	3
1312	0	82	2
1169	1	87	1
1200	1	82	2
4853	1	72	3
2552	1	91	3
1310	0	81	4
309	0	95	4
952	0	78	5
932	1	88	2
3420	0	72	4
2387	0	89	5
1417	1	71	4
1776	0	87	5
698	0	91	1
1981	0	92	2
1572	0	91	3
2440	1	84	1
160	0	88	4
2599	1	80	3
4743	0	71	2
2461	1	91	4
3484	1	83	1
293	1	75	1
4491	0	69	2
2304	1	76	2
1201	0	94	1
2203	0	90	4
2413	1	69	3
4317	0	80	1
4381	1	78	4
232	1	68	1
2090	1	90	1
2678	1	88	1
270	0	92	5
2754	0	93	2
105	1	75	5
154	1	78	2
2383	0	95	4
1581	0	77	1
2245	1	73	4
2011	0	70	2
4263	1	83	4
4918	1	75	1
2650	1	95	2
3269	1	75	1
2640	0	84	4
2143	1	92	1
4222	1	94	3
4782	0	92	5
4440	0	85	3
164	1	68	1
4438	1	79	5
910	0	74	2
4512	1	65	5
4585	1	72	3
2058	0	72	1
705	1	76	4
1452	0	93	1
2105	1	90	2
3369	0	81	3
107	0	72	3
413	0	71	5
1173	0	79	2
3984	0	92	1
35	0	85	1
1928	0	65	1
3346	1	80	3
1889	1	85	4
1360	1	76	5
1738	0	77	3
4904	1	82	4
3772	1	95	4
2364	0	84	5
851	0	89	1
4934	1	70	1
3266	1	92	3
458	1	89	4
793	1	72	5
4157	0	92	5
609	0	72	2
233	1	94	1
2401	1	84	3
2395	1	93	3
1054	1	75	2
3956	0	83	3
4445	0	70	5
2439	0	94	5
4251	1	92	1
341	1	87	5
1445	1	73	2
4693	1	89	5
1510	0	91	2
4193	1	83	5
3182	1	89	2
121	1	68	1
223	1	77	1
2532	0	93	1
1748	1	76	1
1643	1	85	2
2067	0	68	5
3995	1	84	5
953	1	93	4
4217	1	70	4
1568	1	70	2
4510	1	77	1
4133	1	92	3
4898	0	71	4
3743	0	92	1
2974	0	92	5
3173	1	93	4
4017	0	80	1
1245	0	95	1
2029	1	67	1
820	0	81	1
2480	1	72	1
1086	0	80	3
707	1	79	5
444	0	75	2
2773	0	82	5
3631	1	74	3
471	1	82	1
312	1	87	1
1242	1	74	4
586	0	73	5
2073	0	71	5
3697	0	65	5
644	1	93	4
600	0	94	5
4444	0	69	2
4876	0	71	1
42	0	89	1
4944	0	65	4
4239	0	69	1
2749	1	71	3
4204	1	79	2
4916	0	83	1
1198	0	77	5
2426	0	71	3
4517	1	66	4
1311	0	94	5
3803	0	79	1
422	1	67	1
292	0	86	3
3948	1	93	2
4857	1	92	2
1324	1	69	3
605	1	74	5
3404	0	67	1
554	0	70	3
2228	1	93	1
3161	1	83	1
1112	0	69	3
3720	0	66	2
963	1	78	1
2609	1	89	4
1701	0	94	3
3714	1	78	1
4707	1	93	4
81	1	86	2
3865	0	70	1
3306	1	67	1
1627	0	77	2
2594	1	72	2
83	1	83	5
1498	1	66	3
3203	0	82	4
4367	1	91	5
1894	0	92	5
1334	0	78	5
3252	1	86	1
2046	0	72	5
2960	0	88	2
1260	0	88	3
934	0	76	1
3104	0	65	4
2567	0	91	2
3990	1	91	2
2647	0	81	5
536	1	86	1
1150	1	68	4
3538	0	73	4
2823	1	66	1
691	1	75	5
3392	0	87	5
1202	0	68	5
945	1	78	5
1450	0	92	3
4058	1	68	4
490	0	74	5
3478	0	73	4
3378	0	81	3
456	1	74	2
4847	1	86	5
4981	1	72	3
1415	1	77	3
869	1	90	3
1073	1	83	1
2307	1	89	3
4941	0	82	1
1168	0	78	5
1959	0	82	2
3318	1	73	4
712	0	69	1
3951	1	73	1
2877	1	77	5
1476	1	72	3
1199	1	90	4
417	0	68	3
4437	0	76	4
1370	0	69	3
1883	0	95	4
948	0	82	4
4840	1	92	2
4976	0	68	3
4404	0	67	1
919	0	80	2
2685	0	68	3
3581	1	82	5
3078	0	91	3
980	0	76	2
2414	0	82	3
1698	0	67	3
132	0	94	5
3979	0	80	4
3985	0	74	5
4061	1	68	1
1307	1	78	2
4998	1	77	2
4615	1	71	3
1193	0	79	1
1462	1	90	2
3175	1	66	5
3510	0	72	2
1323	1	92	3
4450	0	65	1
2293	0	71	5
208	0	83	1
634	1	70	2
628	1	69	4
2430	0	88	4
861	0	74	2
1181	1	77	5
4053	1	69	2
3642	0	65	2
2508	0	86	2
3101	0	74	5
3048	1	71	5
4088	0	82	1
3931	0	69	4
3179	1	72	3
2665	0	85	5
2001	0	68	1
1255	0	72	4
2927	0	91	5
1939	0	88	4
4427	0	65	5
4466	0	85	5
3292	1	78	1
1091	0	66	2
2271	1	79	2
3950	1	93	1
2019	1	81	2
4197	0	81	5
846	0	76	3
3446	1	94	4
4911	0	79	4
1446	0	92	5
3605	0	90	1
2346	0	67	5
4280	1	67	1
3428	0	95	2
4477	1	73	3
266	0	73	1
409	1	95	5
3133	0	81	3
153	1	69	4
3505	0	65	3
3372	1	66	2
2400	1	79	3
3193	0	82	5
1035	0	84	1
44	0	66	1
4409	0	75	3
1235	0	72	1
1413	1	92	4
2033	0	89	2
1236	0	73	3
101	1	91	5
3167	1	71	5
2180	1	90	3
3867	0	65	2
26	1	70	2
2427	0	89	4
917	1	78	3
3994	1	79	1
578	0	85	3
1672	1	88	2
500	0	83	2
4220	0	91	5
3397	0	77	5
585	0	93	5
442	1	95	4
69	1	76	3
621	0	84	2
1366	0	88	4
514	0	66	4
4553	0	79	5
4863	0	82	3
4507	1	71	1
4370	0	68	1
4739	0	93	5
1237	1	72	2
4488	1	65	1
427	1	90	4
2970	1	66	4
2250	1	84	4
326	0	69	2
3084	1	91	1
3866	1	77	4
1286	1	91	5
2726	0	86	3
3282	1	95	3
2582	0	90	4
1274	1	87	3
898	0	79	5
3112	1	72	5
96	0	92	2
816	1	66	3
3230	0	72	2
2498	1	77	2
496	1	75	3
205	0	68	1
2800	0	88	3
1303	1	89	3
2671	1	94	2
4776	1	92	4
1669	0	89	5
3722	0	67	3
2519	1	70	2
971	1	81	4
949	0	78	1
4037	1	95	4
1378	1	88	4
758	1	70	1
581	0	77	4
4074	1	79	3
1197	1	94	5
2755	0	79	2
2504	0	72	3
1001	1	85	2
4206	1	94	1
3554	1	78	5
976	1	78	3
718	1	94	4
4924	0	86	1
3438	1	84	3
1606	1	85	3
3884	0	72	5
1584	1	92	3
4425	0	67	5
1988	0	86	4
3964	1	92	3
4265	0	70	5
2856	0	65	5
477	1	65	1
3882	0	88	4
1063	1	89	3
724	0	76	2
4116	1	68	3
2047	1	76	2
803	1	82	1
2172	1	81	1
725	1	75	3
4385	0	72	1
4358	1	80	4
3823	1	77	4
2036	1	80	3
3132	0	67	1
3194	0	70	3
2825	0	77	1
1601	1	85	3
3295	0	93	3
123	1	82	4
4812	1	83	3
1616	1	68	4
2020	0	70	3
1609	0	88	1
3730	0	93	5
4819	1	74	2
3745	1	94	2
89	0	68	2
859	0	93	1
1540	0	66	4
811	1	78	1
450	0	75	4
1956	1	90	2
2118	0	95	2
3071	0	88	2
367	0	84	1
607	1	66	2
2281	0	86	2
1611	0	86	5
4126	1	95	5
385	1	82	1
1401	0	73	4
2370	0	90	3
548	1	65	1
135	1	80	5
3790	1	69	1
2402	1	66	4
4049	0	73	3
3593	1	69	3
2082	1	70	3
3898	1	68	2
2514	1	94	3
4964	1	87	2
947	1	74	1
4501	0	91	4
608	0	73	3
4516	1	75	2
4286	1	70	2
1647	1	68	1
4119	0	88	1
4897	1	81	3
1542	1	88	5
786	0	75	1
2110	1	71	1
1778	0	68	5
2407	0	89	5
4575	0	65	4
928	0	66	3
4000	0	84	1
3891	0	69	5
3627	1	83	4
3599	0	93	5
1598	1	81	4
2531	1	67	5
1485	1	90	1
1436	0	90	1
1945	1	66	3
3808	1	67	4
3690	0	68	3
2131	1	82	5
4548	1	72	5
1699	0	86	2
3539	1	95	2
440	1	74	5
4021	0	67	4
2464	1	85	1
4313	0	78	2
3681	0	92	1
1408	1	81	2
3881	1	81	3
3744	0	81	4
1451	1	75	2
3618	1	88	1
1162	1	87	4
207	0	66	4
206	0	68	3
906	1	86	3
1388	1	80	4
3974	1	78	4
4394	0	91	2
3476	0	70	1
3959	1	81	3
761	0	74	3
2244	1	67	2
4108	0	85	4
2488	1	76	4
4933	0	78	2
2181	0	65	2
3110	0	86	4
2770	1	66	3
1258	0	89	3
1819	1	77	2
4398	1	85	1
3913	1	86	3
4435	0	85	2
2379	1	71	3
834	0	82	1
913	0	80	3
1860	1	73	3
4500	1	75	2
1157	0	72	5
4963	0	67	2
1649	0	71	4
1648	0	76	4
1405	1	92	2
3878	0	81	1
4926	1	66	5
4309	1	92	1
357	1	91	4
241	1	87	5
3271	0	77	2
210	1	92	2
2278	1	66	1
30	0	75	5
3010	0	75	5
3093	0	68	5
4109	0	72	3
671	1	83	4
3390	0	78	1
4741	0	87	5
3549	1	80	5
1553	1	70	1
4644	0	95	2
4214	0	82	2
3624	1	78	2
338	0	68	1
4888	0	67	3
2843	1	89	5
4790	0	83	2
3899	0	81	5
4793	1	79	3
1175	1	80	4
940	1	69	5
1635	0	85	4
2888	1	77	3
116	1	92	5
4595	0	88	5
1309	0	70	3
3464	0	79	1
4954	1	91	5
3410	1	69	4
3221	0	77	1
1789	1	89	4
3727	1	66	4
3423	1	90	1
2700	1	86	3
462	0	79	2
521	0	78	1
1785	1	94	5
575	0	87	5
4311	1	65	3
392	1	66	5
2738	1	91	1
2872	0	85	3
1936	1	93	3
4228	0	79	4
4772	1	88	3
3829	0	82	4
1117	1	91	1
202	0	85	2
3735	1	91	1
3121	0	95	1
2689	1	70	4
921	0	93	5
3091	0	79	2
2032	0	83	3
882	0	95	3
4721	1	77	1
1869	0	67	5
1480	1	74	2
4328	0	90	4
1404	1	85	2
4986	0	89	4
4701	1	85	4
4304	0	94	3
4950	1	94	3
4106	0	66	2
1938	1	95	2
1227	1	95	3
961	1	91	3
2864	0	83	5
3756	1	75	4
4664	0	77	1
4614	1	95	2
4284	1	90	4
4637	0	94	2
1573	1	66	4
3125	1	77	4
4624	1	91	4
3685	1	82	2
3201	1	80	5
4594	1	92	4
3083	1	65	3
187	1	80	4
3673	1	72	2
1664	1	69	5
4406	0	73	5
4389	1	72	2
2232	0	80	4
2882	0	92	2
2954	1	65	5
20	0	77	2
3187	0	65	3
2879	1	79	4
905	0	90	5
2610	0	78	5
97	1	92	1
2452	0	86	4
4734	0	66	5
967	1	68	2
2953	0	73	4
591	0	72	2
3590	1	75	3
2841	0	68	4
2674	1	70	3
3439	1	89	2
2943	1	86	5
1050	1	71	2
2575	0	69	1
1119	0	91	2
684	1	88	3
1588	0	69	4
261	0	65	5
1816	0	84	4
1825	0	77	5
3575	0	95	1
552	1	88	5
3592	0	86	1
2633	0	84	1
2908	0	67	3
3407	1	83	1
3523	1	84	3
2313	1	84	5
211	0	94	2
1993	0	67	3
3940	0	79	5
3294	1	95	1
4785	1	89	4
2101	0	68	3
1691	0	85	3
3388	0	76	2
4319	0	71	1
1955	0	70	2
4188	0	79	3
1031	1	87	2
3778	0	76	4
1594	1	87	1
3678	1	83	2
1429	1	83	1
3963	1	81	4
4574	1	75	5
4187	1	94	5
3764	0	91	3
3160	1	86	1
4712	1	67	2
127	1	92	4
230	1	70	5
1271	0	86	1
4457	0	90	4
4586	0	73	4
4125	0	86	4
3729	0	86	4
2845	1	80	3
1190	1	80	4
4797	0	90	5
2051	0	94	5
168	0	84	1
2520	1	80	4
4374	0	89	2
2119	1	68	5
3512	1	77	2
1238	0	76	2
1838	0	89	2
3841	1	75	3
184	1	92	2
3740	0	83	4
3857	1	70	4
4965	1	77	5
2667	0	93	1
4236	0	78	2
1951	1	67	4
1109	1	79	2
3542	0	78	2
2266	0	78	5
3457	1	83	5
4127	1	70	5
4535	1	72	5
2436	0	89	5
1077	0	67	3
3319	0	75	5
4961	0	87	5
1254	0	80	3
1746	0	81	3
4877	0	71	2
2593	1	90	4
4532	0	74	2
4105	0	79	3
1814	1	79	1
4676	1	84	2
3662	1	76	4
4740	1	74	1
3826	0	95	2
610	0	86	3
2654	1	68	5
1755	0	83	5
2368	1	92	5
2083	1	68	2
446	1	83	2
218	1	77	4
4194	0	80	1
3137	1	81	2
1752	1	75	1
2541	1	68	3
1628	1	66	4
4828	0	65	3
1344	0	72	5
2437	1	90	2
3712	0	84	1
2323	0	70	2
824	0	86	3
2156	0	74	1
876	1	92	4
1712	1	71	1
4465	1	86	5
1338	0	77	4
2753	1	72	2
728	0	78	1
4524	0	73	2
4589	1	66	3
1216	1	88	3
2456	1	72	3
4378	1	76	4
272	0	87	3
3983	0	80	5
2901	0	79	5
1269	0	69	3
191	1	83	5
2743	1	93	2
3427	1	87	1
2139	1	81	5
200	1	69	4
624	1	88	5
2342	1	84	1
1909	0	88	3
593	1	76	4
4169	0	75	2
2722	0	73	4
3754	1	86	2
3528	1	72	5
2890	0	80	4
1644	1	77	1
1583	1	85	5
4563	1	70	1
2068	0	79	3
4152	0	72	4
1859	0	72	4
2920	1	74	4
922	0	91	3
2072	1	65	5
3067	1	87	5
1589	1	86	5
112	0	91	2
1947	1	94	2
257	0	83	2
3155	1	75	2
4195	1	93	3
443	0	79	3
3674	1	75	3
4363	1	86	3
3547	0	74	4
4025	1	70	3
2459	0	81	3
3009	1	88	1
4267	0	93	3
2905	1	74	5
769	1	93	4
643	1	95	1
4626	0	78	4
942	1	90	2
3715	0	74	2
418	1	69	4
2820	0	70	2
472	1	79	5
251	0	87	3
1688	0	81	4
4132	0	73	3
1806	0	77	1
1710	0	70	4
733	0	83	4
4496	1	77	1
2966	1	90	5
1922	1	93	2
279	0	65	1
307	1	71	2
1257	0	81	2
1241	1	94	2
2301	0	69	4
1410	0	86	4
1714	0	85	2
3562	1	75	4
3923	1	68	2
363	1	85	3
1489	0	70	5
64	1	67	4
3384	0	78	4
4988	0	76	4
3945	1	76	2
161	0	92	1
1952	0	73	1
2557	1	69	4
4383	1	81	4
4760	0	69	1
2075	1	81	4
4920	1	78	3
3296	1	75	5
4020	0	77	4
3895	1	83	1
1373	0	83	3
2258	1	65	1
1083	0	92	3
3408	1	85	4
4458	0	93	4
3375	0	79	3
3636	1	70	2
1634	1	77	4
2002	0	80	1
702	1	75	5
566	1	88	5
3116	0	89	1
857	0	81	1
2590	0	92	4
2262	1	87	2
1314	0	79	4
3258	1	71	5
642	0	86	4
4373	0	72	3
102	1	81	3
9	1	81	4
3304	1	87	2
4288	0	72	1
1772	1	76	1
1827	0	65	4
3942	1	86	3
720	1	75	5
133	0	84	4
1539	0	72	3
2294	1	76	5
3357	0	71	4
4836	0	75	1
2569	0	88	2
3700	0	84	1
4148	1	93	3
3603	1	85	4
1948	1	82	1
401	0	88	4
3932	0	87	2
283	1	94	4
604	1	66	5
3652	0	77	2
1304	1	94	2
2287	0	95	2
3585	0	78	5
4254	1	67	5
2330	1	95	3
1299	0	80	4
199	1	82	4
4201	0	92	3
2931	1	81	3
4729	0	81	1
3006	0	85	2
4755	1	93	5
1349	1	78	4
2147	0	87	1
4215	1	80	3
4552	0	85	3
1222	1	73	1
1500	1	66	5
1224	1	93	5
2104	0	83	3
492	0	81	3
222	1	69	1
1625	0	78	5
2199	1	69	4
3442	1	77	3
3164	0	74	3
3821	1	70	4
3921	1	91	2
3503	0	89	1
785	1	78	5
4657	1	83	5
4979	0	73	3
1751	0	76	5
2396	0	69	5
1617	0	68	4
2896	1	66	5
3070	0	92	4
4312	1	66	4
678	0	75	3
128	1	84	1
378	0	73	1
3050	1	92	4
4397	0	89	2
1728	1	90	4
4902	1	83	2
2813	0	77	5
2248	0	78	5
2164	0	66	5
2222	1	82	4
3340	1	83	5
3632	0	70	2
1808	0	68	3
3430	1	91	4
285	1	92	1
2544	1	85	5
2114	0	80	3
2303	0	81	2
2261	1	87	5
2099	0	67	3
4694	1	93	2
319	1	88	3
4347	1	95	2
73	1	85	2
1156	1	84	5
2311	0	84	2
938	1	91	3
3046	0	95	4
4019	1	92	1
2213	0	92	5
3416	1	93	4
2187	1	93	3
1906	1	76	4
247	1	92	1
1068	1	95	1
3129	1	90	2
2880	1	80	1
4210	1	83	3
4283	1	66	2
2586	0	70	3
47	1	95	2
2583	1	84	2
1692	1	72	5
88	0	85	2
1233	0	80	1
449	0	90	5
1000	0	69	3
1863	1	80	3
1443	0	91	3
773	0	75	3
1538	0	80	3
1559	0	95	4
2988	0	72	1
3141	1	82	5
3911	1	67	5
2059	1	86	4
2231	1	72	4
1717	0	76	2
2808	1	76	3
4054	0	85	1
4673	1	66	2
390	0	70	2
114	0	82	4
1976	0	94	4
1974	1	78	4
4117	0	76	5
1618	1	82	4
3763	1	95	3
1737	1	81	1
4779	1	67	3
3170	1	91	2
4287	0	76	5
4407	0	84	2
4068	1	77	3
4223	0	95	3
1597	0	84	5
2914	1	72	1
4558	1	92	3
236	0	87	4
2961	1	71	1
4332	1	68	1
1812	0	80	2
3785	0	80	5
1727	0	85	3
145	0	80	4
4035	0	72	4
11	0	69	5
1637	1	76	5
3941	1	87	2
2443	1	69	3
4341	0	83	4
358	0	84	2
3399	0	95	2
3286	1	77	4
3224	1	70	3
2994	0	83	3
3997	0	86	2
3434	1	90	1
4928	1	78	5
2234	0	95	4
4005	0	73	4
651	0	79	5
2276	0	91	2
483	0	72	2
4029	0	66	5
4803	0	85	2
1468	0	73	5
2040	1	80	3
603	0	89	2
3844	1	89	4
1290	0	79	2
4661	1	94	3
2807	0	75	1
584	1	81	2
1280	1	93	1
1020	0	80	3
2673	1	83	3
2008	1	65	4
2729	0	92	2
1787	1	69	5
3256	1	70	1
3796	1	82	1
3977	0	77	5
2756	0	77	3
2538	0	77	4
4075	1	73	1
4277	1	66	1
1037	0	85	2
1914	0	80	5
2200	1	65	5
2299	1	73	5
2760	0	66	3
3180	0	79	1
4756	1	81	3
4420	0	86	5
1969	0	93	1
2328	1	82	5
1855	1	86	3
2608	0	95	1
3922	1	69	3
38	0	86	3
2933	0	76	4
2824	0	70	5
1916	0	72	3
4630	1	86	3
3215	0	91	3
2783	0	84	2
3970	0	93	3
774	1	75	2
2137	1	87	3
3056	0	75	5
71	0	92	2
3989	0	89	5
45	1	88	1
1920	0	92	1
4018	1	80	3
991	0	69	4
1151	1	84	4
2560	1	81	3
3635	1	86	3
576	0	88	4
169	1	78	5
3819	1	66	1
4216	0	65	5
2870	0	76	5
2980	1	73	2
2568	0	79	3
4977	0	86	2
1753	1	82	4
950	1	81	5
2958	0	95	2
4432	1	88	4
1898	0	92	5
2716	0	83	1
3454	1	87	4
4484	1	80	4
2638	0	81	3
2835	1	73	5
352	0	66	5
3936	1	79	1
274	0	88	3
1631	0	92	3
693	1	94	3
2710	0	80	3
848	0	68	1
4823	1	68	1
1681	0	72	4
2669	1	81	2
4290	1	69	3
3702	1	78	1
762	0	93	2
4182	1	70	5
1104	0	89	1
3361	1	90	4
275	1	86	2
3557	1	67	3
4308	0	80	4
4240	0	88	2
731	0	74	5
2781	1	66	2
3087	1	79	1
687	1	74	1
4806	1	68	1
322	1	74	5
2409	1	88	3
1982	0	68	5
1301	0	87	1
2211	0	88	2
350	1	70	1
4046	1	82	5
3317	0	76	4
4079	0	84	1
1477	1	71	3
3177	0	93	1
2522	0	68	3
4410	0	95	4
2952	0	68	2
1879	0	92	5
1022	0	80	1
3351	1	91	5
4711	1	77	1
860	1	69	3
234	0	72	1
532	0	75	4
2636	1	82	3
4893	1	81	2
3353	0	86	2
108	1	84	1
4699	1	69	4
2949	1	79	2
1708	0	72	5
2417	0	95	3
688	1	88	4
2448	0	94	5
2054	0	71	2
4923	1	85	1
987	1	80	1
3414	0	89	3
117	0	70	3
4060	0	69	4
839	1	92	2
3657	1	80	5
2496	1	94	5
4260	1	75	3
1713	1	90	4
139	1	74	2
388	0	75	2
4474	0	67	3
791	0	76	2
4275	1	70	2
2263	0	77	3
2422	1	94	2
3192	1	71	3
670	1	79	2
4580	0	80	5
549	0	83	2
2875	1	88	3
3162	1	72	1
3313	0	95	4
3707	0	66	1
1478	0	75	2
4690	0	82	5
1121	0	92	5
3706	0	83	4
491	1	87	1
4120	1	88	2
2451	0	87	3
3755	0	76	2
1541	1	88	2
3655	0	72	1
2113	1	75	3
2986	0	68	3
626	1	67	1
558	0	89	4
4030	0	86	3
768	0	78	2
2501	0	80	1
1026	0	94	3
1534	1	70	3
4139	0	95	3
1919	1	70	2
282	0	70	2
4111	1	84	3
4040	0	83	1
1929	0	89	2
881	1	94	1
1174	0	65	1
243	1	72	3
4927	1	77	5
4936	0	65	2
3625	1	94	2
3107	1	94	4
1371	1	86	1
4956	0	69	1
2989	0	78	3
1957	0	86	1
4641	0	70	2
2894	0	82	2
4467	1	86	5
3637	1	84	2
1896	0	95	2
394	1	84	1
4974	1	78	2
3445	1	70	3
4143	1	87	3
1799	1	80	4
2332	0	86	3
4940	0	76	2
3339	0	87	5
682	1	77	3
2921	1	78	3
2270	1	74	4
1362	0	88	2
1911	1	89	1
2868	0	79	3
4886	0	69	3
904	0	65	5
15	1	69	5
2285	0	90	2
519	1	78	4
1639	0	83	3
2769	0	73	4
21	1	92	2
4064	1	75	5
937	1	80	3
854	1	67	3
4059	0	80	5
3250	0	77	4
2703	0	76	3
4843	1	85	1
100	1	69	4
3373	0	84	5
2987	1	94	5
4154	1	88	4
3184	1	78	4
1161	0	73	5
659	0	85	1
2317	1	95	4
2081	1	65	1
2362	0	95	5
4011	0	92	5
2558	1	79	2
1135	1	68	3
113	0	73	3
1418	1	92	1
1867	1	80	5
4081	0	73	1
4592	0	83	5
799	1	89	2
489	0	87	5
562	0	91	4
4569	0	95	1
2809	1	82	3
4331	0	89	3
3218	1	78	3
381	1	90	5
715	1	92	4
2207	0	76	5
4808	1	94	2
411	1	91	1
4293	0	95	5
1396	0	76	2
3766	0	73	4
569	1	89	3
476	0	76	4
1092	1	94	4
505	0	71	2
3205	1	90	5
3039	0	68	5
4672	1	74	1
119	0	66	5
2804	0	91	1
907	0	79	1
3394	0	79	2
2967	0	90	3
3897	0	67	5
3583	1	89	4
2079	1	89	5
3134	1	70	1
4688	0	65	1
2162	0	77	2
4200	0	74	5
2381	0	95	3
553	1	81	5
3880	1	71	2
618	0	75	2
2388	0	65	3
2302	0	72	4
1484	1	83	3
1935	0	93	5
858	0	72	2
1997	1	82	2
3645	1	86	5
4345	0	77	5
4454	0	73	5
226	0	65	3
4294	0	95	4
4982	0	73	5
730	1	67	1
692	0	90	3
1011	0	95	2
516	1	72	4
2642	0	70	2
2990	0	81	5
1412	1	74	5
1665	1	81	1
795	0	68	1
2981	1	74	5
4185	0	70	3
175	0	74	5
559	0	71	1
4489	0	82	5
2570	1	92	2
3436	1	73	3
189	0	90	4
1560	0	91	3
3202	1	86	1
2728	1	81	4
1866	1	71	2
3521	1	81	2
2525	0	90	2
635	0	94	2
3860	1	82	3
713	0	68	1
3227	1	95	2
3514	1	86	4
4666	1	93	1
992	0	91	2
3452	0	73	1
4519	1	71	3
3386	1	68	2
4405	0	84	4
5	0	89	4
3293	1	93	4
2411	0	70	1
1017	0	76	1
887	1	68	1
2791	0	66	3
3534	0	68	3
1624	1	67	2
2485	0	95	1
653	1	76	3
1264	0	90	4
935	1	86	1
4371	0	69	1
565	1	78	1
2483	1	75	3
962	0	80	4
4608	1	65	2
313	1	67	3
3419	0	94	5
4993	0	72	3
295	1	88	2
3532	0	82	1
4643	0	83	2
1507	1	70	1
3799	1	87	5
470	1	82	4
1745	1	74	4
4170	1	74	4
3888	1	89	5
3784	1	88	2
3598	1	91	2
998	1	72	4
996	0	91	3
4050	0	88	1
890	0	72	2
4257	1	66	4
978	0	78	3
4930	0	86	5
4612	1	67	4
4861	1	75	2
1555	1	79	3
4066	1	87	4
879	0	84	1
3873	1	68	5
3789	1	92	2
574	1	82	2
2752	0	94	1
4492	1	90	2
828	1	87	2
4825	1	65	3
1944	0	87	4
3825	1	86	4
1810	0	81	4
3836	0	67	4
2694	1	88	1
3607	0	71	5
2935	0	94	4
893	0	67	3
2900	1	84	4
4083	1	74	4
2831	1	84	5
1508	0	75	5
515	0	83	5
2159	1	86	5
2855	0	91	3
3737	1	91	3
510	0	76	1
416	1	72	5
3363	0	89	3
744	1	86	3
738	0	85	1
65	1	66	1
3109	1	87	4
539	1	77	2
317	0	82	3
1364	1	65	2
2695	0	88	1
2125	1	87	3
4593	1	92	2
4815	1	84	3
1915	0	80	2
2253	1	72	4
4511	1	82	4
3216	1	95	4
4323	1	67	5
2106	1	74	2
901	0	66	5
7	0	77	4
1172	1	65	1
4002	1	86	3
2312	1	74	1
4131	1	78	2
3033	1	65	1
1433	0	77	3
2505	1	83	1
159	0	86	2
4355	1	75	3
4415	1	67	5
3677	1	90	1
3166	1	74	3
1771	0	90	3
3975	1	77	4
201	0	87	5
435	0	74	5
3312	0	87	3
4824	0	83	1
1991	0	76	2
4880	0	65	2
2425	0	78	3
3467	1	78	1
4752	0	95	5
1967	0	76	1
231	0	70	1
1032	1	93	5
1123	0	67	2
3588	0	65	2
3835	1	82	5
4178	1	87	4
3698	1	92	2
284	1	66	4
374	1	81	2
4852	1	90	3
1225	1	76	5
4253	0	84	1
48	1	66	4
263	0	89	4
4336	0	66	1
2833	1	94	5
4218	1	74	1
4436	1	75	2
3342	0	70	5
3850	0	68	1
2846	0	68	5
375	0	86	3
2348	0	89	5
1111	1	78	5
1579	0	95	3
4686	1	94	1
2796	1	91	5
1027	1	89	5
3237	0	94	1
4832	1	75	3
3816	1	95	4
2088	0	91	4
3462	1	76	3
4905	1	84	5
3381	0	94	4
4975	0	95	4
4991	1	90	1
1340	0	80	4
1963	0	85	4
1041	1	86	5
3552	0	80	5
1365	0	73	5
4301	1	84	2
2815	1	84	2
4787	0	92	4
172	0	92	1
2277	0	95	4
4543	1	70	2
3090	1	72	4
1354	0	74	1
2165	0	89	2
1040	1	81	5
4414	0	85	5
3140	0	69	1
1657	1	86	5
708	0	92	4
1811	1	91	3
864	0	81	1
542	0	86	2
361	0	88	3
4668	1	68	2
120	0	70	5
1892	0	65	4
2265	1	93	3
2619	1	91	3
1246	0	65	2
2224	0	68	5
1566	0	80	4
1782	0	65	4
1251	0	65	1
3947	0	89	4
1421	0	82	2
4561	1	65	2
1359	1	86	5
4781	1	90	5
421	0	74	3
863	0	89	3
1048	0	92	1
4946	1	92	5
4343	0	75	2
2573	0	68	2
478	1	86	5
4485	0	92	3
1080	0	67	5
2404	1	77	3
4327	0	65	4
3929	0	80	1
61	0	66	5
1346	0	67	4
3188	0	87	1
3206	1	89	2
281	1	79	4
2070	0	77	1
2161	1	87	4
2548	0	68	4
227	0	88	5
4685	1	79	3
1259	0	74	4
2309	0	79	2
781	0	81	3
4733	1	88	5
4235	0	78	2
4549	0	71	2
2154	0	95	1
4038	1	70	1
4388	1	80	2
4167	1	73	2
304	0	69	3
3600	0	76	4
3905	1	67	1
1496	0	69	3
747	0	93	4
1730	1	67	4
1170	0	66	1
3238	1	95	3
3028	0	89	5
2704	1	94	2
4850	0	78	2
194	0	73	3
582	1	87	1
2076	1	80	1
3396	0	95	4
1458	1	89	1
4205	1	79	2
1180	0	73	1
192	0	73	4
4817	1	71	3
4387	0	73	3
238	1	88	4
2699	0	73	2
3967	0	77	4
2487	1	85	4
2775	0	67	2
2787	0	77	5
2951	1	79	5
1901	0	68	1
3641	0	91	1
3775	1	81	1
4799	1	92	3
209	0	89	5
3278	1	84	5
1514	0	95	4
277	1	79	2
929	1	77	2
4531	1	68	4
4472	0	68	5
1144	1	83	4
4258	0	77	1
1159	0	89	4
2371	0	70	2
1266	1	88	5
661	1	95	5
1593	0	78	3
2649	1	91	4
4101	0	83	4
1807	1	91	1
3813	1	68	1
606	0	93	3
1756	0	71	3
3272	1	91	4
3352	1	85	5
3279	0	84	3
3870	1	76	2
4473	0	89	4
3371	1	68	2
1239	0	89	1
2512	1	69	2
3152	0	78	1
365	1	81	2
3530	0	88	3
601	0	87	2
2274	1	95	4
2925	0	67	1
225	1	78	2
4802	0	85	1
3113	1	93	3
1377	1	89	5
397	1	71	4
1886	0	81	4
4655	1	79	3
387	1	93	1
924	0	73	5
2867	1	93	5
673	0	78	3
310	1	71	4
414	1	88	5
2397	1	67	1
1679	0	83	1
2284	1	79	2
3854	1	79	1
167	0	92	2
214	0	77	5
217	1	92	5
2221	1	89	3
2693	1	75	2
4208	1	80	1
681	0	81	2
1841	1	86	3
4264	0	80	3
2832	1	68	2
3242	1	68	3
2721	1	78	1
3797	1	77	4
1381	0	89	1
155	1	77	3
4335	1	65	4
880	1	67	1
4155	0	81	3
3343	1	87	5
359	1	65	3
2316	0	94	1
4745	0	66	3
301	1	75	5
2842	0	79	4
1762	1	82	5
391	1	79	5
2785	0	85	2
4810	1	94	3
3449	0	88	3
4770	0	91	2
1076	0	94	3
2185	1	86	5
1250	0	90	3
4123	0	74	3
3753	1	80	2
2141	0	95	3
4130	0	78	3
1721	1	66	4
1775	0	73	5
2356	0	89	5
379	1	84	3
3758	1	84	3
4400	0	65	4
2066	0	68	3
4390	0	74	2
2178	1	93	5
2376	1	95	3
3872	0	93	1
1470	1	88	5
3776	1	86	1
4522	1	92	2
1185	0	94	5
1890	1	73	3
1613	0	88	5
2540	0	80	2
3460	0	73	1
3493	1	65	4
2656	0	79	1
3186	0	93	4
4190	1	75	3
4004	0	70	5
845	1	65	4
3057	1	90	1
4869	1	84	5
1463	0	79	5
327	0	91	5
4613	0	95	3
3992	1	65	1
1018	1	83	4
2840	1	86	2
3174	0	72	2
3843	0	67	3
3952	1	65	1
1926	0	83	5
53	0	72	5
3417	1	68	3
4379	1	95	5
2176	1	87	2
4598	0	95	4
916	1	70	2
4795	1	73	5
2013	0	85	3
1652	0	75	4
1231	0	88	5
1686	1	89	2
396	1	82	3
130	0	66	5
4983	0	88	4
3022	0	80	3
1356	0	92	5
1522	1	84	3
1983	1	88	3
2919	1	84	4
3185	1	81	3
3012	1	79	5
4067	0	85	3
2194	1	77	3
4708	0	83	5
347	1	94	4
4751	1	71	2
3332	1	82	5
325	0	95	1
4910	1	71	3
4380	1	94	1
2340	1	87	4
4502	0	65	2
99	1	70	4
237	0	86	4
3733	0	71	2
640	0	87	2
599	0	91	5
4671	0	70	1
3368	0	84	3
2037	1	71	5
3522	0	85	3
1742	0	84	5
2060	1	91	3
2771	0	84	3
4579	1	95	1
3432	1	78	5
3082	0	73	2
2458	1	82	3
2946	1	88	1
2453	1	79	4
3504	0	70	1
4150	1	95	5
2614	0	86	1
1695	1	89	4
186	0	81	1
2932	1	84	4
1070	0	74	2
4906	0	74	2
1638	1	75	1
4989	0	84	2
3191	0	66	2
4448	0	83	5
1759	0	74	4
4545	0	87	1
627	0	77	5
4107	0	79	2
843	1	66	5
1842	1	93	2
4100	1	88	3
1603	1	77	1
4571	1	82	2
3038	0	78	5
3031	0	91	5
966	0	67	4
1543	0	89	5
1567	0	79	5
1989	1	86	3
645	1	81	2
2455	0	84	3
1958	1	90	5
3925	1	72	3
4747	1	72	5
4266	0	69	1
3026	1	68	1
1847	0	93	3
4513	1	73	3
4137	0	74	2
2350	1	85	3
2210	1	95	1
756	1	66	3
1834	0	92	1
2892	0	82	1
1302	1	86	2
808	1	80	5
2761	0	78	4
499	1	72	1
4207	0	73	5
2836	0	71	3
2193	1	66	3
827	1	70	5
2406	1	94	3
3029	0	95	2
3863	0	91	3
602	1	82	4
3058	0	67	4
3264	0	69	1
805	0	82	1
1504	1	75	1
2601	1	94	3
2205	1	90	2
4885	1	66	4
3551	0	76	2
1930	0	90	4
4209	1	76	2
1709	1	87	4
4695	1	78	4
4659	0	82	5
573	0	87	3
2662	0	90	1
2353	0	91	3
1910	1	79	3
1319	1	71	3
4922	0	91	2
2715	0	73	1
3919	0	89	5
299	0	75	5
560	1	74	3
3181	0	70	1
1875	1	66	1
4680	1	79	4
3291	0	77	2
4774	1	70	1
4805	1	78	5
2911	0	83	2
1950	1	91	2
2218	1	82	5
4985	1	76	5
3223	1	90	4
1537	0	77	5
1704	1	78	2
3862	1	68	3
4268	0	91	5
3957	1	72	2
2471	1	85	5
3345	1	91	3
2482	0	88	1
3324	1	83	5
3308	0	66	3
2158	1	86	3
3815	0	84	3
1033	0	67	4
4746	0	82	5
419	0	71	3
2269	1	88	2
4479	1	83	5
4300	1	93	2
2767	0	76	2
819	1	91	2
1874	0	71	1
649	1	79	2
3901	1	92	4
3839	0	95	3
181	0	66	3
2865	0	94	3
2768	1	91	5
3561	1	72	5
3471	0	90	5
2547	0	65	5
4878	0	93	2
596	1	68	2
4958	1	74	5
3500	1	74	3
29	1	77	1
1355	0	78	1
3659	0	90	2
2005	0	72	5
727	0	79	1
1972	0	86	2
3748	1	75	1
2928	1	72	5
1571	0	80	4
2862	0	72	2
2339	0	90	4
3111	0	92	2
1191	0	66	4
2947	1	93	5
2698	1	70	4
4818	0	94	2
2431	1	71	3
1069	1	75	1
4365	1	95	5
3257	0	89	2
4357	0	71	2
3501	0	83	4
1009	0	95	5
3602	0	85	4
3558	1	91	2
3968	1	77	1
4616	0	89	2
2523	0	70	1
2220	0	77	3
4318	1	72	4
3081	0	91	2
2550	1	89	5
467	0	73	4
1456	0	87	1
711	1	85	4
2043	1	95	1
2170	1	85	4
1621	1	77	4
4967	1	80	3
1189	1	77	3
1273	1	72	5
1249	0	79	1
178	0	84	3
1790	0	69	2
4992	1	73	5
3124	1	78	5
4422	0	71	4
1437	0	69	5
777	0	66	1
2621	0	82	4
4022	0	72	4
1884	1	88	4
2595	1	81	3
4329	1	93	3
2063	1	87	1
2939	0	69	1
2724	0	84	5
2044	0	80	2
3965	0	78	5
2848	1	76	5
1725	1	93	4
841	1	87	5
4087	0	70	3
1140	1	85	4
3311	1	90	4
2366	1	91	3
1767	0	81	4
3638	1	88	1
393	1	91	5
4028	1	86	5
2503	1	86	1
1970	0	73	1
4557	1	88	4
1658	0	69	5
2226	1	83	2
1536	1	72	4
37	0	85	1
3752	0	88	5
1833	1	88	1
3085	1	83	4
4761	1	93	3
990	1	73	4
3667	1	72	5
4841	1	84	3
1864	1	80	5
2168	0	91	1
56	1	66	2
296	1	93	2
4408	0	69	4
1101	0	89	5
4360	0	76	1
4486	1	80	4
144	1	79	5
3247	0	73	5
2378	0	77	4
1961	0	89	1
2338	0	89	5
4344	0	93	3
3998	0	74	3
2999	0	66	5
2254	1	74	3
4250	1	93	2
3871	0	70	2
587	1	77	3
3483	1	66	1
1565	0	66	5
4441	1	73	3
3586	0	77	3
3200	1	85	4
550	0	93	1
1632	0	91	3
1060	0	93	3
4826	0	71	5
3072	1	86	1
2535	1	85	1
835	0	65	3
4980	0	80	3
1313	1	77	5
2260	1	76	3
4099	1	76	4
55	0	67	5
4704	0	84	4
4801	1	66	2
1125	1	66	2
1769	1	80	4
4546	1	70	5
1380	0	82	5
152	1	73	5
3209	1	75	5
382	1	77	2
420	0	88	2
787	1	76	4
789	0	65	3
339	1	85	5
333	0	73	2
3233	1	66	2
13	0	71	1
1306	0	92	4
2816	1	92	2
3053	1	92	2
3852	0	73	2
1887	0	77	4
4642	1	70	2
3939	0	69	4
2723	1	69	4
2929	1	93	5
2290	0	84	1
1460	0	80	2
3047	0	77	2
840	1	86	4
2240	1	88	1
1902	0	80	1
3649	1	77	2
332	1	76	3
3757	1	82	3
2537	0	75	5
2559	0	93	2
4692	1	71	4
2010	0	93	1
3105	1	66	5
433	0	75	5
2838	1	65	4
4129	1	74	3
3555	1	83	2
2860	0	94	1
2042	0	94	3
4629	0	74	3
3812	0	66	4
386	0	77	3
1770	0	81	5
180	1	89	5
3210	1	86	1
1272	1	86	3
4416	0	84	5
3572	1	75	1
4925	0	89	3
4337	1	85	3
2470	0	94	3
2009	1	87	1
1873	1	88	4
672	0	70	5
2805	0	68	5
4845	1	82	4
4791	1	80	3
4376	0	77	5
3426	0	90	1
969	1	93	3
3705	0	74	2
2308	1	91	1
871	1	68	3
2096	0	72	4
1741	1	67	4
583	0	75	1
2004	1	65	3
4249	1	76	3
2812	0	67	2
1331	0	89	5
1985	0	85	2
3643	1	81	5
1411	0	80	2
50	0	93	1
1372	1	94	5
2283	1	69	5
1761	0	68	5
3402	1	94	5
1244	1	78	5
4012	0	72	3
704	0	84	1
2940	1	81	2
3231	0	88	2
2579	1	76	1
3128	1	85	2
3492	1	69	3
4039	1	72	4
286	1	70	1
3531	0	72	3
1013	1	72	5
2968	0	88	5
4162	1	78	4
989	1	72	2
1130	0	77	4
2021	1	68	1
2360	0	67	4
2895	0	72	1
2516	1	72	2
1509	0	75	2
2336	1	94	2
2129	1	71	2
3988	0	92	5
58	0	72	4
3418	0	94	2
1779	1	79	5
3507	0	71	2
870	1	90	2
3275	1	68	1
1831	1	81	4
1595	1	92	4
3241	1	90	2
1703	0	71	3
595	0	92	1
1136	1	91	4
430	1	69	1
3281	1	90	3
2494	0	93	4
3127	1	66	2
2948	1	92	1
2992	1	88	4
3243	0	85	5
3786	1	68	4
3299	1	90	3
690	1	73	2
3049	0	77	3
2863	0	88	3
2259	1	89	2
4316	0	67	3
3259	1	66	2
2475	1	68	5
4305	0	80	2
2745	1	92	1
4442	1	79	5
4943	1	79	3
4314	0	72	4
4763	0	65	4
1342	0	72	2
4261	1	72	2
4617	0	90	3
633	1	65	3
780	1	94	2
3654	0	74	5
3176	1	70	5
4149	0	75	2
480	0	73	1
1116	0	83	2
3713	0	84	5
1877	0	66	2
3387	1	93	4
2660	0	66	3
891	1	72	4
723	0	74	5
3875	0	71	5
3323	0	72	4
4560	1	73	4
1934	1	85	2
3906	1	72	3
502	0	80	1
527	1	70	3
2521	1	93	2
2611	0	88	4
914	1	81	2
2120	0	90	2
2493	0	91	2
2585	0	89	5
2367	0	93	3
2229	1	85	5
3604	0	71	5
1805	1	82	5
2297	0	68	2
4969	0	70	4
2788	1	90	4
4551	0	73	4
4340	1	92	5
3987	0	77	1
1907	0	79	4
2942	0	80	2
2225	0	66	3
4999	0	80	2
958	1	86	5
1283	1	92	1
198	1	75	5
32	1	94	5
3138	0	87	5
415	0	71	4
4851	1	69	3
1636	1	91	4
742	1	89	1
3119	1	71	3
2415	1	93	4
1747	0	80	5
1973	0	90	5
1383	1	66	5
1127	1	76	4
2018	1	88	5
2711	1	75	5
2681	0	66	4
1093	0	76	1
4602	0	77	2
4462	0	88	4
2545	1	94	3
1122	0	71	5
3305	0	65	1
52	0	83	4
3301	0	66	2
2612	0	82	4
3761	1	81	4
2646	0	87	2
2460	0	82	5
2469	0	68	3
3411	0	82	2
3908	0	65	1
4189	0	87	5
399	1	80	5
70	0	70	5
529	0	84	2
2449	0	72	3
3362	1	92	3
4534	0	72	4
495	1	91	1
657	1	74	2
3367	1	83	1
1145	0	94	4
2100	0	66	4
1642	1	75	5
3004	0	83	5
598	1	94	2
3422	1	93	1
464	0	91	1
746	1	72	4
76	0	72	2
813	0	75	1
564	0	92	4
3018	1	65	4
6	1	70	3
3886	0	87	4
944	0	90	4
1217	0	89	2
4377	1	81	4
2529	1	77	5
311	1	70	3
267	0	73	2
1220	1	76	5
551	1	82	3
2517	0	95	5
796	0	92	2
4069	1	74	2
4047	0	66	5
3780	1	68	2
763	1	88	4
2335	1	95	5
1328	0	69	2
4118	0	70	4
4556	1	70	2
1343	0	88	3
1327	1	94	3
3741	0	89	2
2859	0	71	5
437	0	84	4
918	1	72	1
1576	1	69	1
2318	1	66	5
3300	1	93	4
4230	1	79	4
817	0	90	2
995	1	66	4
67	1	82	5
2513	1	94	5
3195	0	77	2
1512	0	85	2
1623	0	83	4
4603	1	87	4
3158	1	85	4
407	1	86	5
3014	0	72	1
3499	0	83	2
1058	0	70	3
2591	0	70	2
2957	0	83	3
2577	0	90	2
4855	0	75	1
1028	0	65	4
4461	1	87	2
371	0	77	3
348	1	69	5
1055	0	68	4
110	0	91	2
1815	1	79	1
1495	1	88	4
2692	1	81	1
1733	1	94	5
4142	1	72	3
2546	0	94	5
3114	0	95	1
2380	0	79	4
289	1	90	3
157	0	89	5
4092	0	77	5
1102	1	78	5
4281	0	94	1
4621	1	87	1
974	1	85	2
2822	0	84	2
3762	0	85	2
486	1	69	2
2230	0	65	5
743	1	94	2
487	0	92	3
4289	0	88	2
362	0	86	2
3991	0	85	2
1614	1	78	2
4887	0	76	2
2192	1	77	1
2917	1	81	3
3486	0	75	5
4330	1	65	2
3742	0	83	5
1341	1	88	4
4938	0	77	4
1676	1	83	4
2062	0	75	5
2744	0	92	4
3914	0	83	2
4483	0	65	5
1720	0	70	1
1030	0	94	3
4723	0	84	4
3130	0	80	1
1788	0	82	2
535	0	92	2
4199	1	89	3
1164	1	81	2
265	0	79	1
156	0	68	4
2257	0	71	5
3781	0	86	3
66	1	79	4
3333	1	92	5
345	0	65	4
1861	1	74	1
3750	0	66	5
2973	1	65	3
2663	0	72	3
4748	1	88	1
3276	0	95	4
1719	0	95	1
1390	1	81	5
204	0	88	2
2672	0	88	1
4533	1	94	3
2597	1	78	5
3725	0	71	2
2296	0	95	1
2408	1	69	4
2374	0	66	5
4276	1	75	5
3021	1	81	3
3327	0	83	1
1339	1	91	3
4135	1	91	1
3244	0	93	4
1268	1	75	5
2186	0	66	3
337	1	84	1
3971	0	88	1
195	0	86	2
1230	1	78	3
4145	1	68	1
3366	0	88	2
3461	0	78	1
3453	1	84	1
4094	1	87	5
960	0	69	2
3506	0	84	1
2097	0	94	5
2481	1	88	2
2613	0	83	2
4959	1	73	2
2151	1	87	4
729	1	75	3
395	1	90	3
4202	0	69	4
2025	0	90	5
1994	0	71	2
3497	0	86	4
68	1	75	4
4084	1	79	5
3524	0	86	1
4866	0	80	4
3469	0	94	4
2116	1	73	1
3154	1	72	5
2219	1	76	1
875	0	70	1
1977	0	71	3
2616	1	78	5
129	0	79	5
866	0	86	2
1655	1	73	5
4424	1	87	2
533	1	76	3
4582	1	89	4
4166	0	82	4
4620	0	91	4
1851	1	75	2
27	0	69	3
146	1	94	3
3477	1	82	2
2707	1	81	3
2782	1	69	2
4583	0	80	4
1353	0	78	4
4007	1	95	5
2991	1	69	4
3676	0	83	1
611	0	83	4
2510	0	66	2
1087	1	75	3
926	1	82	4
2732	0	91	1
1987	1	66	4
737	0	81	3
1685	1	79	3
4725	0	83	1
1335	0	91	1
3559	0	95	1
2526	0	88	2
2811	0	86	2
3976	0	73	5
3805	1	78	4
165	0	81	3
2333	1	76	1
3196	1	69	3
3648	0	85	1
1979	0	78	5
2126	1	75	4
1455	0	69	5
4736	1	77	3
4842	1	94	5
3526	0	78	3
4565	1	95	5
2438	1	83	4
2580	0	78	3
137	0	82	3
324	1	77	5
4469	0	90	2
3474	0	92	1
190	0	77	2
2198	1	66	2
3622	0	74	1
1448	1	70	1
1764	1	89	3
3412	1	87	4
2578	1	81	1
4165	1	74	1
273	1	71	2
4071	1	66	2
177	0	66	2
1005	0	68	4
4144	1	86	1
741	0	67	4
1850	0	68	2
1716	1	80	4
1179	0	81	1
4764	0	95	5
2354	1	74	2
4658	0	87	4
899	1	92	1
2664	0	84	3
561	0	76	4
2463	0	75	3
4003	0	80	5
2061	1	94	4
4890	1	81	4
3285	1	81	4
349	0	93	3
4433	1	76	5
3566	0	81	2
3584	0	79	5
915	0	72	4
588	1	86	1
171	1	70	1
249	1	82	5
2718	1	75	4
2897	0	90	3
2450	1	95	4
739	0	65	1
2337	0	80	4
1261	1	83	4
2635	1	84	1
884	1	67	1
1964	1	76	1
2236	1	89	4
4798	0	68	5
2056	1	75	4
1804	0	80	4
4536	0	80	2
4550	1	90	1
4625	1	88	1
2909	0	69	5
4191	1	68	1
2007	0	65	4
2797	1	67	1
4584	0	83	3
3228	0	81	2
1968	1	95	3
954	0	95	3
2837	0	73	3
4525	1	86	4
426	0	84	5
798	1	88	3
4326	1	82	3
439	1	90	2
3917	0	89	3
638	0	75	2
4403	0	72	1
63	0	93	5
250	0	66	4
1880	1	87	4
1389	0	70	1
408	0	93	3
1469	1	74	5
4342	0	94	2
977	1	80	1
984	0	70	5
1214	0	79	2
911	1	65	3
1908	1	78	1
2625	1	83	5
2735	0	88	2
525	0	79	1
3691	0	75	4
2398	1	72	2
1580	1	76	5
2762	1	80	2
79	1	75	1
620	0	87	1
3576	0	67	5
321	1	76	5
2962	0	75	5
1931	0	73	3
3731	1	80	4
749	0	76	5
498	1	79	2
2706	0	65	2
3639	1	88	4
4031	0	86	2
3487	1	77	2
93	1	79	5
4590	0	88	1
3634	0	65	1
264	0	93	4
2039	0	66	4
4156	0	94	2
1857	1	90	4
1797	0	78	2
823	1	87	5
3273	1	75	1
4784	0	85	5
54	0	80	3
2941	0	89	1
3695	1	68	2
2352	0	95	3
3580	0	72	2
1563	0	84	1
4423	0	92	1
546	1	86	5
4526	0	79	5
3354	0	71	1
3349	0	88	2
754	0	69	3
1379	1	76	2
2644	0	68	5
4412	1	68	2
2140	0	76	2
1002	0	91	1
2978	0	67	5
2038	0	67	2
4995	1	87	1
3644	1	86	5
82	1	68	1
1357	0	80	4
3051	1	76	1
4573	0	94	1
1998	0	68	1
3350	1	82	5
1024	1	83	1
2351	0	83	3
4868	0	83	1
2369	0	94	4
1836	0	95	3
3543	0	74	4
2697	0	94	1
1096	1	73	5
4771	1	78	2
2057	0	76	1
557	0	72	4
2314	1	73	3
4945	0	80	3
1706	0	69	3
612	1	84	4
1822	0	77	3
2810	0	68	3
2107	1	79	3
2392	0	82	5
4720	1	69	3
1088	1	92	5
1465	0	78	5
1547	0	74	3
240	0	79	4
2690	0	78	1
3953	0	65	2
1270	1	79	2
2490	1	86	2
4872	1	76	3
4591	1	86	1
158	1	94	2
726	1	90	5
1210	0	78	4
2903	0	72	3
2191	1	88	3
49	1	80	1
212	0	67	5
1148	1	70	2
1114	1	72	5
51	0	81	1
2527	1	75	1
1829	0	88	5
2447	1	87	3
1003	0	84	4
3834	0	68	4
1921	1	94	5
245	1	91	5
2639	1	65	5
4070	1	77	1
1744	0	80	3
4544	1	71	5
2327	1	66	2
3066	1	66	2
2472	0	90	1
1138	1	93	4
2087	0	77	2
2839	1	72	3
1868	0	78	2
2300	1	92	3
646	0	84	3
3724	0	67	1
2826	1	88	3
4862	0	94	4
75	0	95	3
1459	1	89	5
1176	0	91	2
4540	1	68	5
2984	1	84	1
2534	0	85	4
2746	0	68	2
1103	0	87	2
4361	0	84	3
4538	0	88	5
2725	1	91	5
1641	1	73	3
3851	1	75	1
2730	1	69	5
2201	1	87	1
501	1	71	1
4348	1	70	3
4951	0	65	3
3760	0	91	1
377	1	88	2
1575	1	76	5
1006	1	85	1
1183	1	88	2
351	0	70	4
3699	0	86	3
3480	0	92	3
1656	1	91	1
3190	1	77	5
3159	0	86	1
1184	1	68	2
118	0	89	5
4464	1	88	5
810	1	82	4
4962	0	88	3
770	1	85	2
2212	0	88	5
4364	0	92	4
2668	1	69	4
4710	0	94	3
3800	0	67	1
4948	0	91	4
1954	1	88	5
3144	0	91	4
2741	0	95	5
3671	0	75	5
2651	0	70	2
630	0	95	1
2758	0	77	4
1466	0	84	3
3433	0	78	3
4509	0	70	3
1941	0	87	2
2677	1	87	3
3653	1	87	2
1211	0	87	4
220	0	89	1
4856	1	84	1
1021	0	76	4
3935	1	94	4
4849	0	87	4
4884	0	67	2
3347	0	72	2
4471	1	90	3
3421	1	69	1
3086	1	72	5
2792	0	66	3
4931	0	80	5
1297	1	75	4
2686	1	74	4
248	0	87	1
1551	1	95	1
872	0	78	4
4183	0	76	5
4056	0	78	2
1783	0	66	3
3513	1	89	5
2562	0	90	2
1687	0	91	4
3587	1	91	4
3298	0	84	1
528	0	82	2
3787	1	79	1
3199	1	72	5
927	0	71	4
3315	1	74	4
2772	0	72	4
792	0	72	2
4530	0	83	4
4272	1	80	4
16	0	89	2
451	1	65	1
3001	1	65	5
3620	0	89	3
4476	0	66	5
3314	1	87	5
714	0	95	2
734	1	93	2
2759	0	88	3
2446	1	76	4
2148	1	94	2
1332	1	72	4
4529	1	90	3
3546	0	73	1
1282	1	66	1
3498	1	77	1
3665	0	74	5
2457	1	70	5
3217	0	80	3
2492	0	72	1
3877	0	88	3
735	0	85	3
3441	1	91	3
4315	1	88	5
4718	0	70	1
94	1	78	5
3163	1	90	5
2341	0	87	3
2160	1	74	3
4460	1	69	4
4737	0	81	3
1059	1	71	3
4151	0	70	5
3969	0	71	4
2069	1	84	3
1549	0	70	2
4611	1	68	3
3692	1	85	3
1424	1	91	4
3675	1	67	5
255	0	72	3
1128	1	94	4
577	1	82	5
3374	1	71	5
1434	0	90	5
2410	0	75	1
1633	0	77	3
815	1	75	5
2145	1	87	4
4811	1	90	4
1548	0	93	2
629	1	68	2
2938	1	71	5
4023	0	83	5
1826	0	81	4
1262	0	91	1
2091	1	73	4
3934	0	95	4
2322	0	83	3
647	1	91	1
2993	1	71	1
4	1	68	3
2530	1	68	5
1209	1	73	1
2893	1	93	1
410	0	69	1
2428	1	92	4
2714	0	73	4
856	1	76	3
4652	1	83	4
3335	1	92	4
3425	1	83	5
2507	0	93	1
1287	0	70	1
1147	1	83	4
3011	1	67	3
355	1	86	3
1550	0	68	5
3962	0	68	2
4041	0	76	2
3629	0	68	1
2298	1	79	4
1166	1	76	1
4354	1	88	1
2074	0	93	3
1149	0	67	3
34	0	86	2
4627	0	85	2
1913	1	67	1
4090	1	80	2
699	0	90	3
847	1	79	5
1384	0	74	4
697	1	81	1
3616	1	90	4
2017	1	83	5
4719	1	90	2
2103	0	82	1
3468	0	76	4
3801	1	72	5
1506	0	70	5
2030	1	86	1
4252	0	82	4
2442	1	89	2
4663	1	73	4
3747	1	78	3
2702	0	66	4
1891	1	79	2
831	1	69	4
1905	0	67	1
1516	1	72	2
4146	1	67	5
4883	1	94	2
1105	1	81	1
4052	1	93	3
3030	1	73	1
1442	1	79	1
4042	0	95	2
1726	1	95	1
1545	1	70	5
4697	1	86	3
3106	0	90	2
288	1	66	2
3686	1	95	5
675	1	89	1
4245	1	87	4
4709	0	79	5
889	0	94	5
2393	1	72	5
541	1	91	5
1518	1	93	4
3207	1	93	5
3904	0	68	5
1482	0	82	2
4889	1	76	2
2142	0	65	4
2717	1	71	1
4096	0	78	3
1533	0	67	4
1953	0	83	2
2849	1	69	1
3069	1	92	5
3596	0	95	5
1610	0	71	1
3902	0	94	4
4490	0	65	3
4749	1	73	1
2444	0	91	5
1893	1	69	4
4010	1	88	2
3771	1	75	2
150	1	66	5
1285	1	81	2
174	1	95	1
3910	0	73	5
308	1	84	5
2684	1	74	2
453	0	91	4
3511	0	78	3
2814	0	71	1
968	0	78	5
2064	0	84	1
370	0	71	1
142	0	67	5
4514	1	89	3
3360	0	71	1
3297	0	92	1
4821	1	66	1
959	0	80	3
1960	1	78	5
1557	1	89	5
2014	1	76	2
965	0	79	4
2801	1	82	5
3579	0	66	5
3171	1	95	5
1937	1	66	4
1780	0	75	4
3135	1	71	1
2055	0	88	1
1414	1	73	1
3042	1	88	1
1416	0	69	4
3470	0	94	4
1696	0	75	2
1768	1	77	5
4338	0	80	4
3280	1	89	3
4789	0	87	2
1291	0	80	5
2321	1	91	2
2844	0	88	3
3696	0	65	1
3804	0	66	5
1503	1	93	1
1502	1	93	4
2626	0	67	2
2041	0	85	1
2632	0	77	5
1392	1	70	3
3041	1	65	3
2420	0	95	3
2249	0	88	1
1439	0	70	2
3005	1	69	5
1155	1	87	4
1142	0	76	1
4226	0	95	2
23	0	77	5
1491	0	81	4
2874	1	67	3
2196	1	91	4
1336	0	73	5
862	0	74	3
3958	0	69	1
4807	1	95	1
4804	0	76	4
62	1	86	3
1912	0	79	4
4225	0	71	3
3214	0	67	5
2740	1	83	4
2065	1	77	5
3472	0	86	5
291	0	65	5
1499	1	66	3
2777	0	74	1
4651	1	69	5
3578	1	74	2
4198	0	77	4
4008	0	88	3
4077	0	77	2
1494	1	81	3
1208	1	78	4
176	0	74	2
3892	0	76	2
1322	1	84	4
3517	0	88	1
941	1	84	5
1375	1	70	2
1524	1	79	1
3660	1	90	1
78	1	75	2
1689	1	76	5
4468	1	81	5
2818	1	70	3
4237	0	80	5
2889	0	78	2
1975	1	65	4
3153	1	78	2
2518	1	92	2
888	0	81	2
1090	0	94	3
4618	1	69	3
3364	1	94	5
1856	1	81	2
689	1	84	3
1057	0	87	4
759	1	88	5
3458	0	65	2
982	1	82	3
3102	1	76	3
833	1	84	1
2418	0	80	3
3435	1	93	5
1308	0	82	4
1990	0	69	5
1329	1	76	4
1832	1	74	3
4783	1	85	5
1564	1	92	2
4091	1	72	2
1511	1	75	5
2701	1	78	3
2506	0	82	4
302	0	79	1
955	0	69	3
2618	1	80	1
4996	0	86	4
3533	1	66	4
1253	0	91	4
4971	1	94	2
3356	1	90	3
765	1	84	3
4014	0	77	1
1663	1	91	2
3019	1	70	2
4919	0	87	2
3525	1	84	1
28	0	79	4
1722	1	74	2
2216	0	68	3
1577	0	95	4
865	0	78	2
3096	1	79	5
4026	0	77	4
4521	0	73	3
2291	0	73	5
1818	0	90	3
4606	1	84	4
2708	1	79	1
632	0	82	1
134	0	83	2
2144	0	84	1
4346	1	83	4
776	0	71	5
3883	0	81	2
213	1	65	5
1626	1	84	1
2598	0	68	5
2027	0	81	4
84	0	94	5
1317	1	73	5
4638	1	65	1
2050	1	87	4
2077	1	95	3
4588	1	84	5
3999	1	68	5
92	0	79	4
4994	1	88	5
4987	1	87	2
1182	1	67	2
1386	1	69	3
3063	1	69	4
3016	0	80	5
131	0	66	2
797	1	85	2
3626	1	86	4
617	0	69	4
1337	0	84	2
1694	0	74	3
616	1	91	1
4660	0	89	4
2080	1	92	1
2190	1	91	4
4622	1	65	3
2876	1	86	2
3869	1	80	1
1044	0	88	1
2588	0	79	3
1483	1	70	4
460	0	74	4
3481	0	79	2
221	0	85	4
22	1	70	3
1546	1	92	1
3036	0	92	5
2035	1	93	5
4865	1	87	4
3832	1	86	5
262	0	76	5
2111	1	77	2
3656	0	86	4
751	1	73	5
721	0	95	2
432	1	80	5
4716	1	85	4
2288	1	65	5
1292	1	69	1
4128	0	88	2
3794	1	88	3
4871	0	92	1
219	0	84	2
3444	1	76	4
2394	0	90	5
572	0	95	4
1395	1	82	5
90	1	89	4
4080	1	66	5
2659	1	90	5
1763	0	87	3
822	0	88	5
2923	1	82	4
2829	0	74	5
4508	1	78	3
4016	1	72	2
1387	0	85	2
1154	0	74	1
2627	1	93	4
3094	0	92	4
2182	1	67	2
2679	1	74	1
1590	0	69	4
1854	1	67	2
2834	0	67	2
2489	0	76	5
3912	1	90	5
3682	1	70	3
1615	0	94	2
3079	0	87	3
183	1	77	1
956	0	90	1
1205	1	87	5
3065	1	82	5
2279	0	72	3
1134	1	93	2
424	1	90	1
936	0	88	2
2390	1	93	2
1683	1	95	1
752	0	88	3
303	1	79	3
1843	1	65	5
287	1	69	1
1517	0	88	2
1592	1	81	2
4386	0	89	2
3303	0	90	3
3809	1	91	2
1158	1	85	5
402	1	83	3
271	0	84	1
452	0	72	5
1612	1	79	2
3704	0	75	3
4463	1	75	2
1925	0	67	1
356	1	69	5
4384	0	77	4
1682	1	78	1
3628	1	94	5
1933	1	88	1
497	0	71	3
1739	0	90	3
4913	1	70	5
3777	0	75	3
4960	0	92	5
2242	0	81	4
2617	0	75	4
2086	1	66	2
4702	0	82	1
182	0	88	5
3577	0	80	5
4677	1	84	5
3966	1	93	5
4839	1	85	4
136	0	82	1
2780	0	85	1
4753	1	68	5
4159	1	67	4
3338	0	93	1
1765	0	73	2
2963	1	82	5
923	0	86	5
1702	0	70	1
717	1	66	2
3398	1	81	2
1897	0	89	4
1932	1	77	2
4163	1	70	5
1556	0	65	1
330	1	75	4
4426	0	83	4
4935	0	79	1
4285	1	86	2
3248	1	95	1
3023	0	86	5
1082	0	77	5
320	0	94	3
520	1	80	2
999	0	68	1
2416	0	69	1
4256	0	71	4
4141	0	73	4
1014	0	66	1
1680	1	83	2
3034	1	95	3
3845	1	85	4
829	1	91	4
4428	0	80	2
3211	1	76	1
3553	0	84	1
3981	1	80	2
455	1	73	4
1228	1	89	1
4439	0	94	1
2169	0	71	1
1113	1	88	5
4705	0	68	2
748	1	88	5
1837	1	67	3
4076	0	89	1
1927	1	67	2
619	0	70	2
196	1	83	3
4274	0	80	4
3647	1	67	4
4730	1	76	2
2998	1	82	3
3183	1	86	3
2572	0	71	2
779	0	93	3
3773	1	73	4
3838	1	87	3
513	0	68	3
3806	1	91	5
2467	0	85	1
2382	0	88	5
3239	0	90	5
623	0	68	2
4278	0	68	4
260	0	86	1
1671	1	79	3
4599	1	79	4
1531	0	74	5
4788	0	85	5
1204	1	78	2
2132	0	81	5
2589	0	76	1
3830	0	72	5
3147	0	84	3
4727	0	65	1
4947	1	76	1
903	1	89	1
4609	0	83	4
615	0	93	1
4372	1	84	3
4048	0	79	2
4480	0	78	4
981	1	94	3
3400	0	70	3
2934	0	68	2
1025	0	81	1
1333	1	88	4
900	0	83	5
4043	0	80	5
2574	0	67	2
1330	0	68	4
1882	1	72	2
4221	0	91	2
3075	1	87	1
1674	1	81	4
1367	1	76	3
4541	0	83	4
3556	1	67	5
1526	1	83	3
2003	0	77	3
826	1	67	5
1605	1	93	1
1007	1	82	3
335	1	81	2
4816	0	86	5
679	1	77	4
1447	0	84	5
970	1	91	5
1917	0	76	3
2623	0	68	3
1828	0	82	5
4809	1	68	4
3341	0	90	1
1853	0	82	2
4859	1	90	1
2720	0	84	5
2680	0	84	1
4085	0	73	5
1215	0	89	2
1527	0	85	5
3395	0	77	3
1444	0	84	1
2499	1	69	1
2861	1	91	3
555	1	93	4
448	1	90	5
3683	0	91	5
4303	0	73	4
709	1	76	3
2666	1	71	3
1653	0	82	2
3284	0	76	2
1120	1	81	3
2435	1	75	4
589	1	82	2
2604	0	82	4
4518	1	89	2
2045	1	87	2
2268	0	72	1
4689	0	83	5
530	1	93	4
4172	1	82	5
122	0	73	4
695	1	94	3
4219	0	90	4
2108	0	95	2
3	1	70	2
2429	0	93	3
563	0	83	4
1368	0	94	1
151	1	80	5
2095	0	86	4
2972	0	84	5
4860	0	87	2
3482	0	83	2
2233	0	80	5
2653	1	95	5
4765	1	81	5
203	0	71	3
1064	1	95	1
3680	0	71	1
3157	1	87	2
4393	0	66	4
1129	0	87	3
4449	1	84	4
1872	1	88	5
3889	0	94	1
140	0	83	1
2135	1	94	2
3614	0	89	5
3734	1	85	4
459	1	92	1
1382	1	78	4
1608	1	65	3
778	1	70	2
920	0	65	2
4160	0	68	3
4334	1	82	5
